/*--------------------------------*- C++ -*----------------------------------*\
| =========                 |                                                 |
| \\      /  F ield         | OpenFOAM: The Open Source CFD Toolbox           |
|  \\    /   O peration     | Version:  2306                                  |
|   \\  /    A nd           | Website:  www.openfoam.com                      |
|    \\/     M anipulation  |                                                 |
\*---------------------------------------------------------------------------*/
FoamFile
{
    version     2.0;
    format      ascii;
    arch        "LSB;label=32;scalar=64";
    note        "nPoints:3258  nCells:3130  nFaces:11019  nInternalFaces:4631";
    class       labelList;
    location    "constant/polyMesh";
    object      neighbour;
}
// * * * * * * * * * * * * * * * * * * * * * * * * * * * * * * * * * * * * * //


4631
(
49
2276
2882
78
270
531
51
66
2278
56
349
6
802
13
299
407
976
58
81
1736
103
127
2172
11
112
449
48
2177
2745
301
661
24
335
1057
89
1541
32
129
2368
17
275
2610
104
216
799
364
1357
52
2128
3118
31
311
1426
88
171
1179
166
634
2928
172
222
619
92
120
1984
385
2102
39
50
3129
44
235
510
36
1426
1472
72
212
1928
43
1251
1915
42
1228
1767
284
1192
214
1529
70
489
1084
87
699
707
136
509
1760
188
938
50
130
3022
253
815
2226
1043
2908
71
1707
2420
60
2407
2805
550
2088
238
1306
110
539
141
274
720
258
522
2822
217
348
1337
746
966
90
959
352
750
3090
508
987
55
420
2590
82
1520
3041
663
1739
171
2384
137
189
998
262
1798
225
355
1241
726
752
245
323
948
99
522
2316
76
502
1936
102
271
665
77
398
611
1187
2318
115
759
2400
109
597
2496
117
1539
2205
1670
2371
142
1847
365
1288
221
392
1039
96
341
2549
163
508
757
376
1255
930
2186
564
692
131
1514
105
419
2824
114
1554
2606
140
888
2594
112
733
1880
248
477
1815
154
229
1910
467
1054
390
1321
126
1778
889
3036
180
187
855
421
1295
156
305
2517
122
653
2125
99
306
379
1363
2567
123
183
283
121
1014
2968
1385
286
537
684
152
709
1928
155
1020
1112
2982
972
2201
581
1577
186
418
784
215
423
587
160
234
424
395
2526
288
2139
231
2156
2263
1662
162
1027
2540
791
996
377
1085
134
476
2318
2019
2962
119
435
702
285
2727
1711
2461
412
1671
199
328
459
688
151
408
1031
197
262
2437
637
1257
354
718
158
1575
2113
1068
2493
286
2389
1607
2168
153
273
277
236
306
762
422
2372
189
1163
2908
935
1067
319
1418
233
426
2965
148
158
1312
636
2186
450
3024
431
844
384
609
2027
161
1383
2158
174
2525
3035
186
401
1676
167
864
1306
2291
2699
210
323
2495
208
2929
2987
937
1419
2510
2872
1587
1980
381
1454
230
2901
531
1015
196
792
1958
2311
267
451
542
282
2510
372
1044
580
626
2247
3118
329
371
425
464
560
2756
1270
2750
1158
2251
241
757
973
293
482
1003
205
1068
1414
1006
2441
199
474
624
175
197
470
785
264
399
1567
743
1244
2702
220
733
2622
273
281
327
1951
2955
297
474
584
211
1089
3027
228
715
229
362
781
209
1084
1259
302
1507
1192
1868
1043
339
612
618
358
795
848
372
572
2754
215
255
599
244
889
1202
207
1516
2378
336
1431
3003
277
327
370
2523
475
760
1067
377
463
276
2383
2726
281
393
567
240
1533
2664
1713
2581
345
723
2566
221
2878
219
358
441
1181
792
854
2267
2813
375
1063
283
626
2633
651
2609
481
429
1963
1988
559
565
643
768
779
449
1878
2687
380
2343
535
980
2844
304
400
517
392
1845
304
325
402
252
2424
2700
2277
2633
1733
1699
3112
1537
2523
326
444
2241
2273
2860
259
337
2642
3127
1235
1385
374
1033
1710
298
1236
294
1361
2372
545
1290
388
534
342
803
1885
307
641
1901
400
402
622
737
312
1114
2935
310
356
2042
2204
2999
250
642
947
579
1087
334
1023
2126
583
2968
1587
2969
257
480
2580
548
640
330
871
1341
2723
2907
750
1269
2889
2911
266
334
2820
325
428
695
2118
329
514
574
1878
1987
414
586
2316
913
2848
493
547
332
985
2957
367
1637
2994
2475
2542
725
1080
388
483
1808
1116
674
984
1098
3109
2135
2780
890
479
583
738
441
1307
1838
455
951
2563
1442
417
709
2675
822
1517
373
2303
2095
516
620
646
434
1074
519
1787
2590
344
1281
2864
467
1889
3017
482
1190
1883
466
1836
325
747
316
1541
3006
497
1240
1381
610
625
1347
2014
741
1058
324
818
918
374
1291
772
1199
428
747
767
1361
2289
3052
2703
1939
2717
391
1285
1706
749
774
784
384
468
1324
2874
804
2387
393
434
1021
1679
2090
2322
601
1870
1909
741
2660
378
428
693
405
452
2678
442
899
389
525
1015
513
573
1340
444
793
2438
2598
2212
2715
736
820
2587
485
552
1405
507
568
359
918
1613
450
849
340
2586
2592
2534
1955
2893
461
854
1651
3065
340
347
2866
523
908
2755
521
886
778
909
551
616
639
473
2614
2093
2628
578
579
1065
759
2760
1445
1654
1166
2397
571
588
616
544
588
596
442
858
582
615
782
515
1664
1345
2914
719
3058
398
798
2216
1278
830
846
728
872
969
382
922
952
2546
3001
404
691
702
1147
2530
598
709
436
727
758
1083
557
570
1107
446
570
671
549
1478
719
2748
1606
404
514
1662
436
780
838
1087
1185
516
2413
586
2284
667
836
447
1881
1439
1570
491
790
2154
951
494
1412
623
656
674
395
1862
2975
508
685
686
919
1496
453
554
1777
2312
1116
1442
1846
2418
504
824
1001
563
2160
2986
2266
449
975
959
1816
3029
2390
409
1462
2678
409
486
1905
465
1274
1398
457
1521
756
2488
714
411
982
2279
424
1651
583
650
879
2146
2611
1372
3010
731
790
1223
540
664
901
808
845
1848
2829
538
2046
1230
2512
605
871
747
907
754
809
595
1461
2979
1692
2933
484
496
777
440
1422
551
691
714
479
895
517
859
1246
554
623
711
1869
526
646
1168
589
940
1965
540
638
1256
542
544
751
840
2653
1043
458
758
835
1375
698
1949
2446
511
3066
643
1721
498
823
2448
1279
1487
2897
639
714
478
2031
649
807
2355
646
2727
678
965
2225
540
956
826
2498
614
906
507
852
1049
700
1591
1063
2304
3060
919
1179
719
1461
744
1791
862
1394
2814
2748
2870
543
654
724
851
541
604
2241
623
635
1278
513
2978
1537
831
925
1771
2278
2208
2720
711
2614
1867
861
1225
607
703
2194
782
926
485
1165
624
615
1169
556
978
1004
594
713
878
937
944
637
2475
2623
2482
2772
1208
1212
3038
748
896
1858
2937
613
2039
2605
518
2054
1486
2652
679
2192
581
1467
2445
536
806
2333
804
2063
2550
1948
2808
631
974
2711
717
1640
793
948
1688
584
748
801
633
2272
2973
1869
3097
3099
3105
580
599
769
2902
1462
1296
1962
2563
1154
664
1062
2512
2851
562
2056
2492
742
863
3080
557
994
680
740
886
1051
2289
1026
1543
716
761
2023
608
1532
2719
649
776
2160
587
687
703
2209
1086
1554
2572
870
957
2176
926
1099
1637
2460
1902
3074
2247
3091
592
1646
1339
2196
736
797
561
786
847
2897
603
1348
688
715
1066
584
722
769
916
1850
2656
1044
2671
553
777
881
571
1340
1403
571
573
596
1894
2087
675
882
895
1847
562
2798
2961
3058
896
1011
3114
734
1965
632
1015
903
1420
800
946
1983
2117
2587
605
697
576
1188
1245
704
1891
3002
1839
2303
2748
653
881
902
1972
2205
668
675
704
915
2616
1802
2675
2730
1808
1905
629
1230
2367
631
1009
1547
902
1052
1305
2652
596
751
779
2450
2715
897
1737
3071
630
1488
845
1309
1419
2488
808
1596
809
746
904
1847
1292
2645
1100
1102
2522
1226
2041
1112
2033
1220
810
1086
1600
640
670
1030
2172
1203
2852
624
873
645
1125
675
825
1122
3042
796
1144
1950
2332
668
825
856
1174
2025
829
1888
1026
1354
676
1274
1352
766
854
801
1060
3011
770
796
1048
645
1101
1609
932
1000
715
2427
2613
685
775
912
1918
3108
3123
1050
1075
930
1604
692
735
872
1691
1081
1276
2375
1465
2157
2337
753
766
1008
764
991
1509
2292
678
1069
2557
2394
1126
1677
949
1632
669
1301
2308
940
696
1264
876
1154
2010
1075
1094
1013
1035
2377
689
730
961
924
1214
1418
976
1720
2400
887
975
817
934
1851
2310
2367
1521
681
1484
701
1053
1735
2321
2667
669
962
1096
1119
677
1018
893
1175
1381
752
824
874
1403
1032
1263
716
2462
1897
739
2092
863
990
703
1119
998
1204
1796
721
1373
1581
1461
2756
1215
772
1117
1484
1794
1599
1359
1776
713
2387
2945
2471
992
1354
1477
726
874
900
2390
2413
823
2092
912
1353
2725
3025
774
928
766
971
1303
2835
2166
1301
999
1045
1446
856
962
1157
2164
2646
789
925
2068
920
1041
1373
2929
783
928
2164
2136
1120
874
1028
1030
1657
843
1447
953
1313
1121
1537
2239
2465
1002
1227
1425
2562
1359
1243
1293
1637
910
1125
1247
816
1411
1214
2110
787
2336
2457
2670
1052
1252
956
1110
753
793
1126
1669
1464
1998
781
827
1684
2042
2923
989
1429
828
1300
1692
2420
2770
1054
1848
1385
788
2030
1375
1761
2612
794
841
1132
868
1038
2782
885
2742
2068
2541
883
1219
1509
2093
1083
1684
910
1128
833
1016
1228
1477
1756
788
848
770
906
831
957
1751
1051
2104
2175
2799
992
1392
1252
1268
1810
877
1001
1839
1293
1622
1454
2942
805
2437
840
1209
3068
1011
2327
2131
1093
2202
903
1607
1050
1861
1655
936
1258
1125
1335
813
2672
1560
1185
2400
810
2120
2945
1474
2436
894
2575
1268
1311
1497
1027
2621
1040
1061
1859
1097
1951
2269
905
1035
880
911
2007
2504
2918
962
1046
931
995
830
1646
1239
1523
2375
1164
1441
880
1129
1472
2005
3064
1200
909
1007
973
1099
954
1005
836
1678
836
1614
943
842
861
1000
884
1660
1073
1311
1334
1243
1961
1202
2027
2231
947
1250
1005
1454
1721
1264
967
1151
1230
2580
1194
2518
2802
2883
1927
997
1650
851
1674
1285
2243
865
1124
2710
1227
914
1174
981
986
1862
1051
2551
1675
1334
1362
2136
1594
1884
1361
2075
2239
2732
2856
2597
2761
1753
2285
964
1041
870
1045
1298
965
1292
2685
1017
1277
934
946
1012
2713
1165
1506
898
993
1315
959
2882
1198
1552
1362
1801
1009
1794
1821
2695
884
1750
968
1520
904
1592
2060
2546
892
1528
2615
2739
3121
2763
3110
995
1241
2502
979
1291
1322
1628
2187
3021
1669
2490
2436
2455
1489
1519
1594
2290
1205
1224
2054
2578
1773
2492
2837
2201
2787
2675
1756
1926
914
3122
1452
2314
1124
2454
1841
1338
2846
3034
1087
1948
1048
1396
1224
1286
1359
2020
1085
2361
2710
958
1325
1866
1024
1519
932
1056
1061
998
2629
2602
1408
2484
3076
1412
1825
1978
2246
1012
1072
1006
1210
2348
2561
1037
1115
1112
1664
2103
1129
1473
941
2849
2885
2735
2187
2476
1231
2412
3046
1106
1136
1031
1077
986
1038
2418
1029
2595
2184
2398
968
1554
1600
2870
1025
1189
1036
1041
990
1091
958
981
2293
1058
1211
1079
1137
1654
1286
1415
970
1967
2445
1138
2007
2740
1767
2837
1213
1289
980
1256
1092
1216
1316
1633
2076
3023
2433
1846
2358
1531
1078
1749
2084
1115
2272
1522
1883
3102
1193
1309
1755
1024
1025
1095
1094
1712
2750
3123
1234
1808
2173
1871
2358
2577
1986
2029
1235
2865
2416
1024
1104
1438
2971
1345
2140
2792
1136
1397
1042
1617
2092
2513
1619
2399
1161
1814
1391
1485
1349
2025
1316
1458
2588
1149
1170
2800
1968
2056
1194
1758
1564
2671
1031
1088
1301
1481
1172
1394
1407
1057
2562
2036
2280
1103
1337
1821
1146
1155
1181
2324
2183
1205
1658
1283
1539
1239
1159
1398
1190
2340
1991
2180
2730
1138
1350
2052
2940
1261
1241
2537
1055
1149
2548
1934
2308
2596
1200
1264
1422
2409
1341
1912
1946
2028
1198
1413
2941
1146
2534
2197
2367
2151
1148
1290
2497
1506
1917
1810
2623
1168
1071
2314
2777
1805
2712
1488
2419
1751
2408
2063
2935
1218
1429
2446
1128
1186
1738
1964
2939
2036
2395
2536
1299
1598
1891
1201
1207
1561
2758
1113
1399
1119
1267
1396
1433
1143
1318
2605
2489
1201
2760
2778
1207
1294
1706
2243
1777
2240
1213
1206
1508
1225
2812
2486
1197
1233
1433
1444
1507
1849
1167
1170
2232
1699
2165
2101
2520
3009
3112
1129
1963
1197
1317
1153
1160
2405
2730
2824
2971
3066
1113
1184
2359
1153
1162
1819
1498
1534
1145
1155
2843
1122
1976
2749
1329
2711
1569
1584
1139
1180
2586
1481
1578
1487
2860
1395
1133
1141
1166
2877
2679
1142
1196
1574
2520
1229
1263
1284
1222
1763
2279
1391
1420
1236
1527
2005
2071
1473
1530
1868
2180
1435
1988
1453
1147
1150
1160
2682
1347
2397
1728
1932
1470
2791
1599
2171
1209
1167
1156
1162
1251
2827
1845
2828
1208
2050
1411
2142
1254
1838
1229
1248
1329
1479
1796
2576
1498
1824
1925
2681
1691
2107
1206
1325
1460
1525
2163
1254
1307
1348
1918
1182
1183
1178
2806
1237
1919
1182
1322
2582
1468
2839
1654
2406
2217
2307
1269
2861
1275
1907
1259
2916
1291
1248
1273
2124
2071
1323
1344
1672
1848
2218
2721
1260
2496
1471
2120
1584
1921
2535
2653
1203
2390
2373
2402
2344
2821
1724
2144
1369
2690
2709
1344
1466
1246
2573
1391
2683
1569
1693
1467
1593
1332
1346
2248
1273
1314
1578
1634
1708
1748
1304
1689
1804
1755
1900
2629
2772
2112
1254
1356
2525
2837
1428
2254
3035
1303
2229
2501
1378
1468
1323
1364
3090
1513
1369
2434
1297
1302
1320
1939
1262
1628
1302
1327
1343
2544
2231
3008
1271
2019
2507
1785
2388
1342
1297
1310
2934
1565
1572
1513
2430
1287
1317
1524
1572
1831
1336
2416
2624
1534
1733
1670
1419
1568
1364
1366
1266
2300
1719
1390
1443
1470
1297
1368
1444
1624
2064
3125
1722
2823
1492
1558
1784
2248
2359
2260
1844
1492
1645
2360
2898
1365
1366
2929
1285
1403
1312
1331
1409
2031
3078
1324
2145
2265
1565
2693
1357
1376
1865
1367
1409
1622
2001
1402
1634
1819
2557
2259
1365
1384
1708
2034
1363
3001
1742
3020
1638
2858
1817
2965
1401
1834
1913
2383
2182
2626
1377
1468
1377
1400
1753
2608
1603
2336
2313
2109
1459
1555
1330
1949
1387
1424
1969
1387
1390
1417
1453
1480
2830
1603
1705
1330
2384
1943
1416
1886
1503
1491
1570
1772
1544
1705
1386
2249
2836
2003
1852
1343
1404
1502
1695
1417
1421
2004
2414
1785
2089
2578
3102
1480
1421
2532
1900
1957
2471
2696
1483
1879
1367
1566
1738
1470
1501
3012
1378
1675
1906
1459
1556
1448
1558
2764
1432
1618
1748
1973
2707
1376
1518
1719
2251
2516
1451
1500
2116
2728
1551
1616
1650
2059
2546
2011
2362
1382
1374
1401
2198
1576
2159
2931
1384
1400
1942
2613
3087
1725
1387
1544
1441
2610
2014
1533
1400
2422
2725
1448
1615
1716
2626
1791
1986
1597
1891
2155
1525
1538
1464
2192
2617
1497
1927
1937
1550
1693
1840
1538
2851
2907
2399
1475
1482
2114
1540
1551
2124
1482
1510
1404
1452
1885
2650
1764
2128
1582
1643
2399
1582
2174
2385
2836
2432
1615
1630
2874
1515
2893
1642
1718
2280
2312
1515
1913
1618
1844
1827
2428
1721
2055
2076
1511
1536
1815
1443
1535
1620
1624
1630
1511
1518
2245
1451
1483
2124
1602
1620
1955
1813
1935
1625
1719
2326
1536
1553
1559
1510
1546
1518
1536
1625
1482
1697
1703
3116
3122
2294
2916
1579
1621
1728
1458
2674
1489
1971
1493
2638
2208
3020
1712
1876
2265
1546
1557
2834
1793
1889
2094
2658
2030
1663
1816
1993
2593
1590
1629
1809
1546
1739
1741
1896
1526
1586
1754
1764
1557
1601
2047
2568
1539
2468
1503
1553
2035
1738
2784
1524
1533
1653
2047
2977
3019
1746
2848
1573
1586
1814
2463
1902
2451
1571
1573
1493
2560
2775
2901
1888
2250
1919
1977
2273
2235
1501
1501
1502
1635
1502
1504
1930
1715
1619
1643
1744
1601
1779
2365
1852
2816
2288
2134
1605
1649
1725
2224
2288
1745
1505
2057
1545
2222
2282
1989
1586
1659
2566
1797
2720
1626
1680
1907
2444
2492
2676
2537
2747
1864
1886
1635
3082
1778
1744
1792
1657
2082
2985
1944
1545
1828
1638
1661
1786
1792
2065
2266
1601
1656
1786
1823
1611
2199
1910
1544
1550
2804
1542
2722
2624
1576
2045
2166
2331
1673
2062
2589
1696
1894
2283
1656
1661
2741
1811
2211
1642
1727
1667
1579
1835
1663
1673
1843
1700
1745
2026
1901
2369
1682
1766
1641
1665
1898
2066
2083
2584
1710
1782
1812
1618
1667
1823
1960
1629
2103
1931
1635
1893
2204
2051
1855
1621
1629
2050
1580
1970
2035
1953
1581
2526
2975
1605
1709
1661
1702
2484
2190
1710
1729
2158
3110
1683
1730
1970
1685
1972
2037
2371
2452
1813
1882
2498
2691
1659
1696
2473
1631
1665
2020
1959
2001
1729
1731
1731
2000
2859
1885
1694
2274
1997
1974
2353
1769
1890
1934
2827
1641
1649
1800
2186
2810
2024
2179
2982
2529
2579
1942
2029
2725
1665
1800
1999
2161
2899
1649
1803
1704
1727
1883
1985
1895
2665
1718
1735
1892
2352
1667
1718
2018
1696
1730
2035
2198
1653
1645
1923
2065
3016
1856
1882
2338
1704
2046
2450
1956
1641
1725
2361
1687
1704
2108
2149
1857
1911
2133
1680
2824
2297
2391
1853
2213
2807
1800
2379
1857
2098
2339
2454
2342
2376
2875
1962
1683
1687
1966
1782
1880
1782
1715
1908
1788
1948
2388
1766
1924
2084
2215
2998
1875
1920
1876
1920
1945
1968
2079
2130
2327
1875
2533
1999
2015
2628
2906
2002
1872
2337
2798
1686
2973
2189
2549
1735
1834
1760
2122
2032
2697
2831
1903
2135
2038
2081
2088
2302
2321
2374
1783
2893
2057
2635
1797
2310
1731
1836
2194
2151
1716
2006
2125
2735
2867
1956
2766
1746
2997
1811
3107
2184
2692
2347
1798
2118
1801
1904
2148
2493
2841
1723
1802
1805
1975
2815
1922
1992
1996
2483
2742
2301
2426
1829
2229
1822
2155
2226
2506
2925
1769
2340
2729
1759
2502
3095
1908
1805
1833
2188
2437
2672
1797
1865
1913
1924
1843
2590
2981
2984
2226
2244
1768
1754
2820
1922
2325
2954
2085
2410
2538
1880
2215
2052
2244
2306
2155
1855
2356
2781
2154
2421
2494
1954
2527
2537
3033
2541
2588
3000
1857
1872
2074
2196
3089
2173
1799
1832
1833
2237
2038
2200
2254
1803
1825
1832
2974
1926
2415
2222
2294
2209
2542
2271
2442
2270
2458
2596
2805
2564
2623
1787
1843
2270
2275
2271
2276
1825
1873
2406
2635
2119
1887
2097
2314
2616
2275
2576
2276
2920
2011
2323
2317
2783
3063
2257
2482
2632
2140
2315
2545
2235
2157
2143
1924
2230
2558
3038
2373
2396
1895
1990
2500
1827
1818
2210
2880
1966
2026
2829
2015
2156
1886
2892
2041
1922
1933
2123
2830
2285
2653
2568
1896
1911
2049
2099
2269
1997
1835
1952
1834
2086
2195
2203
2225
1890
1947
2947
2217
1895
2137
1881
2074
2337
2285
2978
1941
2989
2162
2857
2301
2750
3026
2011
2564
1871
2049
2351
2763
2953
2502
2524
2260
2133
2339
2306
2386
2105
2213
2993
2449
3104
2197
2296
1967
2044
2673
2079
2178
2565
1875
2022
2202
2210
2731
2268
2009
2821
2424
2883
2741
2117
2886
2960
2581
2242
2392
2704
2048
2082
2233
2511
1882
2556
2689
2478
2260
2648
2298
2389
2782
2341
2967
2214
2646
2141
1907
1972
2003
2981
1966
2127
2195
2221
1923
2013
1994
2262
2328
2654
1917
2879
1993
2193
2059
2091
2657
2100
2736
3001
1914
2553
2298
2219
2686
3034
1994
2381
2251
2682
2091
2366
2401
2360
2641
2591
1981
1989
1996
1930
2054
2309
2521
2552
2304
2297
2386
2006
2320
2404
2143
2234
2524
2636
2255
1960
1987
1947
2081
2224
3000
2206
2253
2262
2719
2373
2632
2008
2378
2362
2508
2714
2174
2618
1975
2057
2329
2472
2255
2762
2343
2607
3049
1990
2222
2407
2485
2518
3026
2562
2000
2139
2256
1987
2022
2078
2288
2617
2232
2286
2567
2499
2355
3106
2927
2821
2528
2127
2213
2032
2440
2470
2162
2317
2739
2771
2912
2253
2786
2300
2434
2305
2947
2423
2585
2504
2711
2202
2495
2049
2147
2357
2561
2630
2091
2096
2443
2477
2362
2834
2363
2469
2044
2445
2363
2570
2922
2960
2396
2482
2261
2055
2956
2967
2070
2137
2349
2020
2212
2940
2605
2846
2858
2067
2830
2264
2878
2293
2673
2144
2431
2045
2234
2526
2067
2361
2422
3037
2223
2435
2615
2077
2111
2796
2108
2212
2764
2102
2151
2223
2478
2175
3082
2346
2854
2625
2105
2042
2209
2517
2446
2338
3107
2046
2982
3031
2096
2099
2746
2086
2468
2345
2359
2791
2081
2119
2808
2405
2507
3045
3125
2159
2211
2499
2375
2884
2291
2141
2210
2176
2080
2083
2684
2734
2444
2077
2147
2655
2491
2681
2913
2236
2684
2917
2332
2933
2221
2439
2505
2216
2335
2726
2769
2350
2085
2153
2317
2659
2759
2741
2083
2100
2917
2257
2423
2603
2219
2861
2996
2643
2724
2116
2466
2185
2218
3007
2631
2268
2447
2157
2640
2666
2255
2177
2220
2093
2703
2152
2153
2467
2757
2456
2249
2385
2242
2634
2411
2335
2937
3104
2449
2371
2477
2983
2204
2442
2702
2343
2667
2694
2311
2650
2464
2503
2455
2909
2268
2410
2806
2539
2599
2370
2425
2522
2203
3097
2149
2345
2835
2295
2438
3098
2237
2818
2261
2833
2523
2532
2843
2133
2979
2391
2585
2142
2335
2494
2503
2458
2718
2219
2298
2593
2939
2761
2203
2540
3011
2393
2174
2754
2701
2211
2514
2892
3117
2733
2948
2453
2595
2598
2200
2419
2706
2992
2862
2938
2785
2257
2867
2671
2722
3092
2214
2964
2932
2597
2836
2583
2223
2370
2601
2168
2827
2170
2828
2784
2376
2686
2179
2657
2462
2984
2345
2329
2346
2199
2722
2182
2839
2612
2728
2743
2252
2529
3061
2229
2315
2238
2344
2261
2320
2282
2360
2364
2556
2230
2838
2340
2788
3127
2903
2508
2252
3003
2634
2468
2749
2960
2267
3054
3108
2548
2547
2670
2220
2712
2941
2776
2995
2612
2466
2319
2415
2417
2633
2788
2995
2237
3121
2668
2489
2994
2496
2992
3017
3120
2538
2729
2802
2687
2795
2295
2774
3054
2969
2610
2970
2266
2368
2389
2791
2851
2328
2574
2346
2811
2323
2669
2737
2506
2840
2645
2685
2620
2860
2965
2680
3006
2874
2842
2456
3129
3036
2666
2589
2392
2443
2908
2550
2995
2319
3069
2487
2339
2479
3023
2309
2640
2729
2358
2765
2334
2553
2554
2604
2662
3047
2428
2531
2497
2417
2708
2565
2469
3031
2644
2997
2619
2558
2855
2934
2751
2332
2797
3015
2895
2937
3062
2803
2947
3062
2560
2910
2903
2714
2674
2439
2555
2778
3080
2996
2865
2868
3086
2841
3103
2341
2429
2779
2570
2639
2440
2539
3084
2348
2853
2426
2700
2773
2429
2864
2642
2647
2381
2690
2734
2407
3046
2409
3077
2410
2411
2447
2381
2466
2740
2819
3113
2363
2453
2470
2477
2368
2408
2702
3051
2794
2733
2738
2411
2651
2844
2869
2385
2875
2491
3014
2717
2770
2959
2996
2378
2404
2891
2787
3114
2476
3065
2698
2718
2397
2762
3025
2676
2762
2871
2767
2808
2950
3041
2395
2753
3040
3079
2425
2403
2465
2896
2456
3049
2403
2629
2772
2747
2516
2638
2487
2599
2513
2525
2852
2491
2555
2904
2989
2474
2488
2859
2627
2603
2649
3012
2662
3067
2744
2459
2550
2945
2793
3078
2505
2517
2920
2699
2985
2498
2845
2457
2449
2594
2831
2921
2944
2607
2709
3008
2799
2661
2689
2887
2925
2587
2647
2469
2998
2677
2899
2977
2934
2817
2474
2716
2884
2994
2713
2992
3105
2813
2842
2688
2895
2692
2718
3022
2894
2601
2536
2705
2691
2845
2823
2500
3069
2533
2643
2807
2515
2720
2970
2503
2825
2872
2582
2875
2560
3073
2595
2697
2771
2663
2528
2768
2906
2881
2511
3044
2834
2695
2621
2778
2519
3052
2918
2861
2650
2840
3010
2889
2598
2850
2956
3038
2548
2800
2682
3024
2613
3093
3062
2873
2928
2753
3095
2751
2968
2529
2586
2658
2691
2913
3057
2622
2644
2643
2887
2697
2900
2801
2728
3113
2695
2630
2639
2876
2553
2645
2572
2974
2574
2952
2663
3047
3056
2608
2924
2575
3074
3032
2880
2886
2573
2752
2855
2636
2852
2963
2732
2631
2967
2794
2811
3106
2677
2649
2849
3065
2606
3045
2620
2885
2637
2841
3103
2910
2768
2946
2850
2674
2592
2862
3019
2780
3007
2604
2948
2897
2652
2742
3083
2810
3073
3076
3053
2759
2927
2986
2902
2668
2936
2980
3075
2704
2942
2733
2896
2906
2738
2905
2987
2959
2777
2880
2792
2804
2953
3048
3055
2835
2679
2680
2641
2736
2839
2743
2745
2896
2954
2663
2637
3023
2912
2954
2912
2832
2900
2857
3021
2820
2862
3097
2816
2866
2911
2655
2661
2669
2738
2826
2879
3048
2678
2755
2949
2964
2990
2785
2988
2985
3044
2685
2740
2888
2797
2690
2863
2679
2876
2931
2701
2724
2989
3100
2688
2793
2814
2809
3085
3060
2993
2802
2892
2962
2715
2925
2706
2809
2757
2961
3044
2751
2726
2765
2974
2831
3098
2713
2779
2813
2716
2732
2936
2769
2777
2806
3111
2946
2946
2789
2829
2804
2812
2832
3015
2754
3064
3057
3126
2943
2753
3009
2926
3016
2746
2926
2776
2771
3033
3059
2822
2966
2775
2757
2888
2900
3037
2816
2766
2991
3117
3103
3076
2786
2939
2770
2815
3067
3111
2787
3115
2866
3016
3027
3083
2842
2873
2845
2932
3017
2914
2890
3106
3011
3007
3083
2847
3094
3112
2812
3004
3079
2990
2826
2915
3086
3115
3039
3109
2951
3005
2991
3018
3073
3028
2859
3104
3055
2941
2877
3022
3129
2838
3113
3043
3084
3070
2904
2881
2889
2890
2914
2909
2868
3095
3043
3087
3068
2898
3042
2901
3063
3042
2980
2907
2854
3098
3031
3088
3111
3128
3013
3002
2905
3094
2902
3090
3124
3033
2910
3102
3015
2953
2991
2895
3108
3071
2899
3085
3096
2911
2920
3128
2898
2988
3059
3028
2973
2938
3034
3101
2983
3099
2997
2928
3063
3071
3004
2972
2977
2998
2943
3093
2955
3014
3049
2976
3030
3029
3043
3051
3058
2948
3000
2959
3126
2952
2964
3040
2963
3120
3086
3059
2942
2972
2984
3013
3005
3099
2986
3092
3048
3075
2971
3053
3081
3056
3046
3024
3026
2990
3006
3085
3051
3117
2975
3010
3080
3018
3109
3019
3047
3052
2987
3091
2988
2999
3105
3028
3020
3064
3035
3100
3066
3072
3094
3025
3120
3032
3110
3119
3050
3084
3032
3056
3072
3124
3041
3082
3092
3088
3078
3107
3116
3123
3081
3068
3100
3069
3089
3128
3088
3125
3121
3096
3096
3101
3116
3081
3093
3119
3118
3122
3115
3127
3126
)


// ************************************************************************* //
