/*--------------------------------*- C++ -*----------------------------------*\
| =========                 |                                                 |
| \\      /  F ield         | OpenFOAM: The Open Source CFD Toolbox           |
|  \\    /   O peration     | Version:  2306                                  |
|   \\  /    A nd           | Website:  www.openfoam.com                      |
|    \\/     M anipulation  |                                                 |
\*---------------------------------------------------------------------------*/
FoamFile
{
    version     2.0;
    format      ascii;
    arch        "LSB;label=32;scalar=64";
    class       vectorField;
    location    "constant/polyMesh";
    object      points;
}
// * * * * * * * * * * * * * * * * * * * * * * * * * * * * * * * * * * * * * //


3258
(
(0 0.5 0)
(0 -0.5 0)
(-0.833 0 0)
(20 10 0)
(20 -10 0)
(-9 -10 0)
(-9 10 0)
(20 10 1)
(-9 10 1)
(-9 -10 1)
(20 -10 1)
(-0.833 0 1)
(0 -0.5 1)
(0 0.5 1)
(-8 -10 0)
(-7 -10 0)
(-6 -10 0)
(-5 -10 0)
(-4 -10 0)
(-3 -10 0)
(-2 -10 0)
(-1 -10 0)
(-1.143973805e-11 -10 0)
(1 -10 0)
(2 -10 0)
(3 -10 0)
(4 -10 0)
(5 -10 0)
(6 -10 0)
(7 -10 0)
(8 -10 0)
(9 -10 0)
(10 -10 0)
(11 -10 0)
(12 -10 0)
(13 -10 0)
(14 -10 0)
(15 -10 0)
(16 -10 0)
(17 -10 0)
(18 -10 0)
(19 -10 0)
(20 -9 0)
(20 -8 0)
(20 -7 0)
(20 -6 0)
(20 -5 0)
(20 -4 0)
(20 -3 0)
(20 -2 0)
(20 -1 0)
(20 -1.229061297e-11 0)
(20 1 0)
(20 2 0)
(20 3 0)
(20 4 0)
(20 5 0)
(20 6 0)
(20 7 0)
(20 8 0)
(20 9 0)
(19 10 0)
(18 10 0)
(17 10 0)
(16 10 0)
(15 10 0)
(14 10 0)
(13 10 0)
(12 10 0)
(11 10 0)
(10 10 0)
(9 10 0)
(8 10 0)
(7 10 0)
(6 10 0)
(5 10 0)
(4 10 0)
(3 10 0)
(2 10 0)
(1 10 0)
(-2.760458528e-12 10 0)
(-1 10 0)
(-2 10 0)
(-3 10 0)
(-4 10 0)
(-5 10 0)
(-6 10 0)
(-7 10 0)
(-8 10 0)
(-9 9 0)
(-9 8 0)
(-9 7 0)
(-9 6 0)
(-9 5 0)
(-9 4 0)
(-9 3 0)
(-9 2 0)
(-9 1 0)
(-9 1.229061297e-11 0)
(-9 -1 0)
(-9 -2 0)
(-9 -3 0)
(-9 -4 0)
(-9 -5 0)
(-9 -6 0)
(-9 -7 0)
(-9 -8 0)
(-9 -9 0)
(0 0.4 0)
(0 0.3 0)
(0 0.2 0)
(0 0.1 0)
(0 1.376121439e-12 0)
(0 -0.1 0)
(0 -0.2 0)
(0 -0.3 0)
(0 -0.4 0)
(-0.0833 -0.45 0)
(-0.1666 -0.4 0)
(-0.2499 -0.35 0)
(-0.3332 -0.3 0)
(-0.4165 -0.25 0)
(-0.4998 -0.2 0)
(-0.5831 -0.15 0)
(-0.6664 -0.1 0)
(-0.7497 -0.05 0)
(-0.7497 0.05 0)
(-0.6664 0.1 0)
(-0.5831 0.15 0)
(-0.4998 0.2 0)
(-0.4165 0.25 0)
(-0.3332 0.3 0)
(-0.2499 0.35 0)
(-0.1666 0.4 0)
(-0.0833 0.45 0)
(19 10 1)
(18 10 1)
(17 10 1)
(16 10 1)
(15 10 1)
(14 10 1)
(13 10 1)
(12 10 1)
(11 10 1)
(10 10 1)
(9 10 1)
(8 10 1)
(7 10 1)
(6 10 1)
(5 10 1)
(4 10 1)
(3 10 1)
(2 10 1)
(1 10 1)
(-2.760458528e-12 10 1)
(-1 10 1)
(-2 10 1)
(-3 10 1)
(-4 10 1)
(-5 10 1)
(-6 10 1)
(-7 10 1)
(-8 10 1)
(-9 9 1)
(-9 8 1)
(-9 7 1)
(-9 6 1)
(-9 5 1)
(-9 4 1)
(-9 3 1)
(-9 2 1)
(-9 1 1)
(-9 1.229061297e-11 1)
(-9 -1 1)
(-9 -2 1)
(-9 -3 1)
(-9 -4 1)
(-9 -5 1)
(-9 -6 1)
(-9 -7 1)
(-9 -8 1)
(-9 -9 1)
(-8 -10 1)
(-7 -10 1)
(-6 -10 1)
(-5 -10 1)
(-4 -10 1)
(-3 -10 1)
(-2 -10 1)
(-1 -10 1)
(-1.143973805e-11 -10 1)
(1 -10 1)
(2 -10 1)
(3 -10 1)
(4 -10 1)
(5 -10 1)
(6 -10 1)
(7 -10 1)
(8 -10 1)
(9 -10 1)
(10 -10 1)
(11 -10 1)
(12 -10 1)
(13 -10 1)
(14 -10 1)
(15 -10 1)
(16 -10 1)
(17 -10 1)
(18 -10 1)
(19 -10 1)
(20 -9 1)
(20 -8 1)
(20 -7 1)
(20 -6 1)
(20 -5 1)
(20 -4 1)
(20 -3 1)
(20 -2 1)
(20 -1 1)
(20 -1.229061297e-11 1)
(20 1 1)
(20 2 1)
(20 3 1)
(20 4 1)
(20 5 1)
(20 6 1)
(20 7 1)
(20 8 1)
(20 9 1)
(-0.7497 -0.05 1)
(-0.6664 -0.1 1)
(-0.5831 -0.15 1)
(-0.4998 -0.2 1)
(-0.4165 -0.25 1)
(-0.3332 -0.3 1)
(-0.2499 -0.35 1)
(-0.1666 -0.4 1)
(-0.0833 -0.45 1)
(0 -0.4 1)
(0 -0.3 1)
(0 -0.2 1)
(0 -0.1 1)
(0 1.376121439e-12 1)
(0 0.1 1)
(0 0.2 1)
(0 0.3 1)
(0 0.4 1)
(-0.0833 0.45 1)
(-0.1666 0.4 1)
(-0.2499 0.35 1)
(-0.3332 0.3 1)
(-0.4165 0.25 1)
(-0.4998 0.2 1)
(-0.5831 0.15 1)
(-0.6664 0.1 1)
(-0.7497 0.05 1)
(0.08546495123 0.05 0)
(9.525080525 -9.114877597 0)
(9.457208543 9.161812428 0)
(-0.6645658797 -0.1796306712 0)
(-0.2564807101 -0.4457611815 0)
(-0.6664519473 0.1944754443 0)
(-0.2526249757 0.4529347984 0)
(5.514690016 9.180755951 0)
(5.581150909 -9.125713786 0)
(19.13621495 -0.4834615814 0)
(-3.514782756 -9.129423758 0)
(-3.513298191 9.182573762 0)
(2.507036798 9.151674109 0)
(2.499163081 -9.190498792 0)
(-8.174788013 3.560161922 0)
(-8.111392327 -3.510752193 0)
(-0.5019139539 -9.14581684 0)
(-0.4667542232 9.144293321 0)
(19.15438819 3.466292552 0)
(13.42885496 -9.203284257 0)
(-8.027696774 0.3788531136 0)
(13.5 9.133974596 0)
(19.27270106 -3.441550419 0)
(0.08660254038 -0.25 0)
(19.05673565 -6.398133342 0)
(19.14454326 6.520713131 0)
(-8.138896248 6.490461338 0)
(-8.116244136 -6.570876674 0)
(16.59089879 9.229246605 0)
(16.52386852 -9.221057443 0)
(-8.171965082 -1.47375475 0)
(-5.501219143 -9.149210416 0)
(-5.5 9.133974596 0)
(7.504619016 -9.169698842 0)
(11.48634036 -9.193742174 0)
(7.557880348 9.18260251 0)
(11.43836119 9.064524526 0)
(19.16831729 1.499880032 0)
(0.09631933799 0.2517831119 0)
(-0.4923236577 -0.2983419247 0)
(-0.4900373747 0.282413542 0)
(-8.148150777 8.435808707 0)
(18.9914887 -8.411760072 0)
(19.1339746 8.5 0)
(-8.095288251 -8.440296533 0)
(-8.191760091 -0.5355018684 0)
(-7.389456532 -0.9424859446 0)
(-7.380639757 -1.86036864 0)
(-6.658666969 -1.446520049 0)
(-6.613825086 -2.188070408 0)
(-5.994549051 -1.785622564 0)
(-6.001152326 -1.09330911 0)
(-5.411661022 -1.42718794 0)
(-5.427463074 -0.7763698267 0)
(-5.378883832 -2.075261148 0)
(-4.787762881 -1.656235104 0)
(-4.802934562 -2.335140197 0)
(-4.296974911 -2.03277321 0)
(-4.277751697 -2.625887451 0)
(-3.844449193 -2.314994058 0)
(-3.783476559 -2.874177559 0)
(-3.332494113 -2.532277278 0)
(-3.920239804 -1.806265823 0)
(-3.292783871 -3.112476478 0)
(-2.834767026 -2.830513851 0)
(-2.810384241 -3.362199507 0)
(-2.324367806 -3.055047106 0)
(-2.332827927 -3.595370682 0)
(-1.890534379 -3.355139855 0)
(-1.874454041 -3.841182063 0)
(-1.45106625 -3.583978807 0)
(-3.252438569 -3.639547541 0)
(-2.446651993 -2.5800816 0)
(-1.417838349 -4.06641695 0)
(-1.002592237 -3.786676793 0)
(-1.860189604 -4.369197865 0)
(-1.021632639 -3.29864336 0)
(-0.6040935983 -3.523077524 0)
(-0.5689162882 -3.964007378 0)
(-0.1873827542 -3.696852693 0)
(-0.2268077226 -3.262617037 0)
(0.1785975134 -3.439837824 0)
(0.2328415642 -3.866495969 0)
(0.5711055737 -3.609098658 0)
(0.5277495881 -3.189254194 0)
(0.8936332111 -3.347905869 0)
(0.8443290119 -2.951633007 0)
(1.203763423 -3.099649826 0)
(1.15203808 -2.71115792 0)
(1.510680784 -2.857519868 0)
(1.45923169 -2.4690697 0)
(1.820700941 -2.615795094 0)
(1.762706642 -2.232078003 0)
(2.131328392 -2.37242221 0)
(2.072406899 -1.983608358 0)
(2.447953669 -2.125255519 0)
(2.385719863 -1.737788414 0)
(2.775403808 -1.872792416 0)
(2.723388237 -1.491937519 0)
(3.110948934 -1.612785949 0)
(3.064150647 -1.202340898 0)
(3.454457321 -1.329409096 0)
(3.414271521 -0.9122833106 0)
(3.821030408 -1.044954942 0)
(3.755819389 -0.5552736657 0)
(4.214620272 -0.7562465384 0)
(4.146998516 -0.2705580519 0)
(4.620633533 -0.4527409592 0)
(4.541181703 0.07664277705 0)
(5.041228117 -0.1266002169 0)
(4.100755903 0.2699589497 0)
(5.114685269 -0.6653961581 0)
(5.558749795 -0.3311779938 0)
(3.591307422 -1.775874316 0)
(2.172014005 -2.76429342 0)
(4.950756952 0.4618477248 0)
(5.630183614 -0.8924408852 0)
(6.093607264 -0.5433778678 0)
(6.172254091 -1.144847676 0)
(6.658446403 -0.7693719184 0)
(6.73922728 -1.381648708 0)
(7.239512082 -0.9989231464 0)
(7.150613166 -0.3719598622 0)
(7.754332174 -0.6063924526 0)
(7.657609183 0.04341423708 0)
(8.284347574 -0.1974783966 0)
(8.360863295 -0.8835802023 0)
(8.925479984 -0.4553749156 0)
(8.824939954 0.2371525816 0)
(9.489486405 -0.01569633814 0)
(9.591416243 -0.7360003017 0)
(10.1760093 -0.2862050631 0)
(10.057612 0.4576408456 0)
(10.27292105 -1.027136465 0)
(2.982391543 -0.7674711882 0)
(0.9559134002 -3.741733797 0)
(10.77320244 0.1796865799 0)
(10.64592078 0.948771583 0)
(11.38566152 0.6610539716 0)
(11.26710137 1.444498495 0)
(10.51186596 1.731870272 0)
(0.8121479405 -2.566188229 0)
(6.237203604 -1.765077231 0)
(6.795584484 -2.013978204 0)
(6.296177156 -2.399872797 0)
(6.879814157 -2.663036976 0)
(6.353859825 -3.067146122 0)
(6.990603555 -3.335081137 0)
(11.142634 2.242841079 0)
(10.38270531 2.524874161 0)
(11.90087388 1.958833771 0)
(1.991134554 -1.617827481 0)
(11.78478972 2.765736921 0)
(12.56219346 2.477758966 0)
(6.423974923 -3.756683638 0)
(7.086831294 -4.035260883 0)
(-4.812393054 -2.947749486 0)
(12.4372495 3.310076573 0)
(13.23660072 3.004687118 0)
(13.3679624 2.147602912 0)
(6.512309201 -4.45898472 0)
(5.848347917 -4.178121924 0)
(7.188998235 -4.73661571 0)
(7.775949322 -4.30986881 0)
(13.10328609 3.871408735 0)
(12.23427204 4.257925822 0)
(13.93110166 3.548402173 0)
(5.925943763 -4.879478039 0)
(5.283279908 -4.60447549 0)
(7.889486191 -5.045404145 0)
(8.50045215 -4.595498008 0)
(13.79104885 4.442640416 0)
(5.352892375 -5.299524865 0)
(4.715700607 -5.024718008 0)
(4.780858624 -5.720177891 0)
(4.152322459 -5.423349246 0)
(14.64231043 4.108830191 0)
(8.601409483 -5.372936393 0)
(9.250379846 -4.887198563 0)
(14.49675492 5.024137598 0)
(4.077053487 -4.723194695 0)
(3.537875837 -5.142497438 0)
(3.602733092 -5.795315719 0)
(3.006272282 -5.508585962 0)
(1.402331075 -2.096725419 0)
(9.355401169 -5.700727478 0)
(10.01722106 -5.196276083 0)
(5.746937729 -2.80662611 0)
(15.36433498 4.695875048 0)
(15.50681113 3.765886054 0)
(-1.355795501 -4.603862297 0)
(-1.838215083 -4.932106848 0)
(-1.27809335 -5.182986161 0)
(-1.813169742 -5.535982678 0)
(-1.258520907 -5.809595078 0)
(-1.79386513 -6.185211477 0)
(-2.382503501 -5.87994293 0)
(5.438585245 -6.018529278 0)
(4.838699867 -6.451993132 0)
(13.63453994 5.349705221 0)
(11.49895049 -0.1218891318 0)
(5.998990191 0.0423300842 0)
(9.676234351 -1.481852399 0)
(10.37379488 -1.787636878 0)
(4.250431296 -1.302141009 0)
(-0.7014082107 -5.442939835 0)
(-0.6776472934 -6.087238112 0)
(-0.1317652698 -5.718497286 0)
(-0.07603852772 -6.382197255 0)
(2.950020293 -4.878232665 0)
(2.431643027 -5.230797845 0)
(2.470927166 -5.873703243 0)
(2.81920283 -2.294232362 0)
(7.966729891 -5.81087953 0)
(14.34316429 5.942159612 0)
(10.12684776 -6.034308789 0)
(10.80398489 -5.51612994 0)
(1.562756638 -3.239220586 0)
(7.438899322 -2.796835529 0)
(10.6761692 -4.703005484 0)
(11.48441397 -4.988809839 0)
(11.60669926 -5.852422649 0)
(12.30203053 -5.312509149 0)
(12.17500208 -4.436478555 0)
(12.9996625 -4.763311377 0)
(12.86839413 -3.881130492 0)
(13.69657283 -4.208125868 0)
(13.56551193 -3.321530795 0)
(13.8549111 -5.075852422 0)
(14.40290289 -3.646646277 0)
(14.27081208 -2.747833852 0)
(15.11362943 -3.075453284 0)
(14.9832236 -2.170873376 0)
(15.30610472 -3.927172544 0)
(15.83632439 -2.503158146 0)
(15.70136475 -1.604961054 0)
(14.8437387 -1.260653397 0)
(15.5366239 -0.6978450429 0)
(-5.985325798 -0.4461276822 0)
(-5.417464225 -0.1370522876 0)
(-5.953604213 0.1983672452 0)
(-5.39932818 0.4925281659 0)
(-4.884585684 0.1700364064 0)
(-4.856655043 0.7530579093 0)
(-4.380564003 0.4608616931 0)
(-4.35160416 0.9995357321 0)
(-3.909412009 0.732437779 0)
(-3.890172035 1.251535227 0)
(-3.472243371 0.98306351 0)
(-3.448171588 1.473259831 0)
(-3.870076889 1.769781138 0)
(-3.404698957 1.999566026 0)
(-3.853234884 2.308553362 0)
(-3.360640275 2.55438685 0)
(-2.881999228 2.184254584 0)
(-2.864090116 2.770107796 0)
(-2.424386166 2.484037828 0)
(-2.389747555 2.995249495 0)
(-1.969125007 2.709276756 0)
(-1.934244316 3.213712912 0)
(-1.532125623 2.918149235 0)
(-1.480602674 3.430581734 0)
(-1.065310613 3.13950241 0)
(-1.012844392 3.660024052 0)
(-0.528523661 3.276394138 0)
(-3.325160734 3.075832275 0)
(-0.518093999 3.890223893 0)
(-0.03761973211 3.555608049 0)
(-1.900718985 3.725795 0)
(-0.01606981891 4.142472049 0)
(0.4584190955 3.804673084 0)
(0.4233148851 3.238663211 0)
(0.9173433416 3.473392598 0)
(0.8617417136 2.931980539 0)
(1.385809643 3.14754074 0)
(1.277728404 2.614753095 0)
(1.429326352 3.731674895 0)
(1.935461096 3.372948481 0)
(1.968718517 4.014973145 0)
(2.509236329 3.61610577 0)
(2.573458738 4.292147584 0)
(3.092769202 3.877873469 0)
(1.99364234 4.728932211 0)
(-2.030403768 2.224225014 0)
(-0.5105943923 4.47135574 0)
(3.185389606 4.566004278 0)
(3.741127698 4.130177955 0)
(0.3631905649 2.683420999 0)
(3.826212452 4.827370972 0)
(4.40828639 4.408710659 0)
(-3.473872672 0.519674573 0)
(-3.085658302 0.7288613617 0)
(-3.082537807 0.3260535661 0)
(-2.737844972 0.49722473 0)
(-2.74454732 0.1197910264 0)
(-2.42794948 0.2829004346 0)
(-2.434820734 -0.05799035032 0)
(4.485894118 5.1250371 0)
(5.074031989 4.68626904 0)
(4.998399041 3.9974345 0)
(5.655651157 4.276641387 0)
(5.76051537 4.99016843 0)
(6.360227256 4.550624657 0)
(-2.149145812 0.1055607119 0)
(-2.103111338 -0.214287034 0)
(-2.13303266 0.4159751879 0)
(6.202682893 3.769324591 0)
(-5.389961326 1.07832073 0)
(2.986242276 3.09875284 0)
(-2.428378761 -0.3926088946 0)
(-2.136399027 -0.5426503431 0)
(6.483283782 5.271614975 0)
(7.092456572 4.835216204 0)
(-1.854840227 -0.4169886566 0)
(-1.865552148 -0.6799733497 0)
(-1.621873669 -0.5542372821 0)
(-1.619767062 -0.8047813643 0)
(-1.87944149 0.2538181897 0)
(-1.859889849 0.5355544312 0)
(-2.131006436 -0.8909944795 0)
(-1.404499499 -0.6754124537 0)
(-1.395666854 -0.9281210074 0)
(-1.208787964 -0.7679868952 0)
(-1.149281429 -1.013199666 0)
(-1.387456274 -1.181720806 0)
(-1.151312019 -1.297659297 0)
(-0.9375352934 -1.156399536 0)
(-0.9200443788 -1.414901383 0)
(-0.7140232546 -1.272797915 0)
(-0.6918400952 -1.525209742 0)
(-0.462787146 -1.34504053 0)
(-0.4610099776 -1.629397518 0)
(-0.2406908355 -1.481441474 0)
(-0.9025364694 -1.678457274 0)
(3.921440894 5.576185067 0)
(-0.233702333 -1.747485513 0)
(-0.01862896183 -1.599691419 0)
(7.219840174 5.581751189 0)
(7.850733647 5.107581972 0)
(-1.593690043 0.388974305 0)
(-1.605819168 0.6573775258 0)
(-0.03111770141 -1.346288262 0)
(0.182781102 -1.452852246 0)
(0.1464166284 -1.183272808 0)
(0.3703635072 -1.306979148 0)
(0.347682531 -1.083503766 0)
(0.5506451831 -1.177637942 0)
(0.5249358083 -0.9675653915 0)
(0.7304664358 -1.047806575 0)
(0.6881545372 -0.8170125596 0)
(0.9173157496 -0.9170637154 0)
(0.8934142146 -0.6834722458 0)
(1.115425245 -0.7822280922 0)
(1.084352418 -0.5247701856 0)
(1.329756191 -0.6372664265 0)
(1.300209325 -0.3686102604 0)
(1.045451752 -0.2560201526 0)
(1.2696079 -0.09063570056 0)
(1.002575763 0.003556153522 0)
(1.224856216 0.1950098733 0)
(1.524874939 0.08565874666 0)
(1.457715978 0.4258651841 0)
(1.118281113 0.4861580522 0)
(1.817764375 0.284621889 0)
(1.73572274 0.6679550803 0)
(2.121183492 0.5089599669 0)
(2.082973846 0.9069026854 0)
(0.05816598146 4.719364478 0)
(-0.4944288299 5.08659598 0)
(0.1175511532 5.372871552 0)
(-0.4447017249 5.743187791 0)
(0.1598718211 6.155894567 0)
(-1.069872366 5.438995378 0)
(-1.016087864 6.127683958 0)
(-1.64566054 5.817443289 0)
(-1.839102973 0.8087710085 0)
(-1.590700038 0.9208712842 0)
(-1.130478514 2.691375289 0)
(-1.372550054 0.7710546177 0)
(-1.347442074 1.02045067 0)
(-1.123862163 0.8437535726 0)
(-1.11284539 1.115458445 0)
(-0.9091301876 0.9724748749 0)
(-0.8870792322 1.217523392 0)
(-0.6972128175 1.073474698 0)
(-0.66436989 1.317731132 0)
(-0.4614734671 1.132472139 0)
(-0.4350794581 1.413898505 0)
(-0.2338999139 1.266614496 0)
(7.582591248 4.352561524 0)
(1.659042865 1.070299083 0)
(-1.382433129 -1.456968742 0)
(-3.152603279 -0.1375813805 0)
(5.848859949 5.681186959 0)
(-0.7275582545 -1.026295233 0)
(0.6903278028 -0.5897294809 0)
(7.962949625 5.924790158 0)
(8.614163138 5.460497155 0)
(-0.07819569572 -1.116141694 0)
(-1.613000602 6.517553206 0)
(-2.24230498 6.211014782 0)
(-1.412237817 -0.4358811609 0)
(0.3945436074 -1.550934193 0)
(1.888593907 -0.08491193356 0)
(-0.1948737404 1.532165052 0)
(0.03149349794 1.335784412 0)
(2.000848665 1.327344728 0)
(2.444419219 1.172878037 0)
(-1.185283586 0.6179559865 0)
(-1.065262717 1.33583166 0)
(1.138533009 -1.013282514 0)
(0.7566111042 -1.281549751 0)
(-4.379708345 -0.09127529187 0)
(-2.365320767 -6.564301184 0)
(-2.991825741 -6.236188157 0)
(0.009022348271 -1.871786896 0)
(-0.2236083563 -2.030722578 0)
(-1.55591592 1.176369068 0)
(13.41913714 -2.45257153 0)
(8.742608387 6.26740583 0)
(9.412660668 5.778387292 0)
(-0.6538946038 1.578536214 0)
(13.48578896 6.249535292 0)
(12.43171014 -6.196006412 0)
(-2.709991487 0.8846518554 0)
(9.767556644 -2.230618732 0)
(-0.7296281788 0.8445960216 0)
(16.2447062 4.358252132 0)
(16.0963702 5.295891292 0)
(16.38450746 3.423149856 0)
(7.254601816 6.305450718 0)
(-0.6188406326 -6.77572169 0)
(0.006734870658 -7.08544453 0)
(9.757718612 2.014750688 0)
(5.526138958 -6.768615267 0)
(15.64566869 2.833682123 0)
(-0.263384352 1.01916073 0)
(0.07153038752 1.654251546 0)
(0.3119113885 1.470574499 0)
(0.2627611366 1.161730743 0)
(0.5431986665 1.275433968 0)
(-0.180204152 1.837836486 0)
(14.66674129 -0.3848983456 0)
(16.57322112 -1.94352308 0)
(9.542576974 6.608961759 0)
(10.24116064 6.062720871 0)
(10.00755873 5.099097723 0)
(-2.279108147 5.487542459 0)
(-2.883262616 5.879613106 0)
(-2.900015891 5.158838593 0)
(-3.52555616 5.534585593 0)
(-3.506389976 6.290794346 0)
(-4.179888058 5.928888783 0)
(-4.190871422 5.164770989 0)
(-4.86092679 5.55907119 0)
(-4.87524965 4.778187192 0)
(-5.599133904 5.186119567 0)
(-5.64841367 5.99360881 0)
(-5.564995455 4.396100895 0)
(-4.163356747 6.717286386 0)
(1.928763084 -5.567259023 0)
(1.967724339 -6.218893317 0)
(2.540707798 -6.549791513 0)
(1.993527429 -6.931755292 0)
(16.52152545 2.489604089 0)
(2.313508033 1.605204436 0)
(2.80965808 1.47649765 0)
(12.13412244 0.3705870681 0)
(0.329212353 -0.8794665911 0)
(-2.207245773 6.928012494 0)
(9.44827257 -6.546241339 0)
(9.660359482 2.813075879 0)
(9.009572371 2.301754484 0)
(-6.246477334 4.79546332 0)
(2.401897622 -4.620782245 0)
(2.883655346 -4.290341521 0)
(-0.9426391306 6.877790725 0)
(-2.969102897 -5.419476757 0)
(-3.632459733 -5.846012569 0)
(-3.618406047 -6.626326354 0)
(-4.284210752 -6.256637134 0)
(-4.291660255 -5.474285583 0)
(-4.949197721 -5.875086658 0)
(-4.953881085 -5.093813009 0)
(-5.632316239 -5.485161206 0)
(-5.611527893 -6.267077273 0)
(-5.63106879 -4.690488475 0)
(-6.326501202 -5.089039629 0)
(0.6155273056 1.601607562 0)
(12.02152536 -3.654553622 0)
(0.03394448393 -2.156105448 0)
(16.71882844 -2.827721445 0)
(16.98929958 4.955059526 0)
(16.83830232 5.906085355 0)
(2.896018874 0.9870439781 0)
(3.278506421 1.298021548 0)
(10.23259324 -6.894661121 0)
(0.4876436756 0.9916288914 0)
(-0.2091258344 -2.32181592 0)
(-4.83626559 4.084161937 0)
(-5.398567121 3.533615508 0)
(-4.282906251 -7.049117446 0)
(4.893135293 -7.214316497 0)
(12.24640267 -0.4380528218 0)
(1.586113551 1.467731834 0)
(-4.352901194 2.055921177 0)
(14.18600942 6.867397 0)
(-6.295321291 -4.324991088 0)
(15.78488613 1.909713919 0)
(16.66113546 1.557138591 0)
(10.3639732 6.949596372 0)
(-0.487244739 -2.186491335 0)
(8.858439167 7.160917263 0)
(-1.644361285 0.1298587941 0)
(11.07985034 6.397945012 0)
(3.21182461 1.820954223 0)
(3.713340857 1.618860832 0)
(-1.414018737 0.2168881355 0)
(0.7633840759 5.654205602 0)
(0.8313084591 6.368529169 0)
(1.425075874 5.944491092 0)
(1.495063403 6.684089594 0)
(0.9418695752 7.099553417 0)
(2.110080894 6.244510328 0)
(2.185570677 7.011786944 0)
(-0.4811227677 -2.494134296 0)
(-0.7741140426 -2.354409765 0)
(0.7822958682 1.062274718 0)
(2.572073848 -7.281732529 0)
(0.7938098649 -0.1590721928 0)
(0.7586145531 0.07912248031 0)
(0.5834396578 -0.04743023605 0)
(0.5499311922 0.1522756093 0)
(-1.640159946 -1.322774876 0)
(-1.633606033 -1.633192017 0)
(-1.924446736 -1.472891414 0)
(9.127702172 -4.088502314 0)
(17.44759371 -2.276939867 0)
(0.2572135343 0.8814761989 0)
(0.4389006682 0.7348566926 0)
(3.639020307 2.175879485 0)
(4.18861751 1.935179706 0)
(4.102011376 2.556620368 0)
(4.673117941 2.330124922 0)
(0.08969904717 -2.436583487 0)
(5.251148261 -3.887236376 0)
(6.146016201 -6.315135646 0)
(6.243311978 -7.09677183 0)
(4.755033114 1.68868424 0)
(5.250159233 2.094001532 0)
(17.27246492 -1.340502639 0)
(10.48780448 -2.543368093 0)
(11.1028689 -2.098038412 0)
(0.7039472963 0.2956619918 0)
(10.25593241 3.33067241 0)
(9.521790456 3.619686472 0)
(13.35347363 7.121683946 0)
(0.4589403934 -5.991678233 0)
(0.3992374873 -5.352694812 0)
(-1.915974103 -1.817352418 0)
(-2.227316574 -1.649340431 0)
(-1.61797971 -1.963915988 0)
(2.365686183 -4.050941531 0)
(2.821678566 -3.727288831 0)
(1.883226111 -4.364368683 0)
(3.32588942 -3.948283113 0)
(3.264223578 -3.399033526 0)
(3.765293811 -3.616120185 0)
(3.704013128 -3.067588598 0)
(-4.33757028 2.644643509 0)
(-4.896438047 2.348599136 0)
(5.329464751 1.467234678 0)
(5.826050691 1.869204273 0)
(12.89730937 0.07075715269 0)
(-4.305958656 -4.709443186 0)
(0.4096429828 0.02081959135 0)
(0.4270711294 -0.1486402515 0)
(0.3691135058 0.1856830209 0)
(-7.015268268 -4.72964425 0)
(9.065197536 -1.936373418 0)
(12.75253697 5.66615523 0)
(4.216196006 -3.28848644 0)
(4.15067437 -2.733352921 0)
(-3.59450458 -7.410075181 0)
(-1.438412164 0.01528040839 0)
(-1.251492346 0.1016953528 0)
(-1.259175991 -0.07006936398 0)
(0.2566918334 -1.974735887 0)
(1.967076738 -7.695108438 0)
(-0.5744987549 -7.50399556 0)
(0.08543955276 -7.823830017 0)
(11.20256932 7.303381237 0)
(4.093962695 -6.876094299 0)
(4.239313288 -7.675464792 0)
(13.04338057 -0.7289476486 0)
(2.812057499 6.560069317 0)
(2.898994116 7.348753348 0)
(3.540809489 6.901094134 0)
(3.640098356 7.695847962 0)
(4.311524884 7.234534561 0)
(15.94327063 6.236320725 0)
(16.68421152 6.86305368 0)
(15.78587455 7.18377539 0)
(7.045014708 0.2783502261 0)
(7.555279339 0.7031737767 0)
(6.960511697 0.95309479 0)
(7.457286768 1.383232963 0)
(0.1016973147 1.973526067 0)
(-0.1689979174 2.181330204 0)
(11.7242973 -6.733771272 0)
(12.55622401 -7.097067614 0)
(13.28558109 -6.533655404 0)
(-4.259547912 -7.845673855 0)
(17.40277027 2.143459469 0)
(17.54484859 1.259256092 0)
(-1.11963197 0.01110286134 0)
(-1.108071011 -0.1587515798 0)
(-1.07404078 0.188887475 0)
(-0.8351273904 -0.1046774028 0)
(-0.8346512702 0.09713991614 0)
(4.605384626 5.877182054 0)
(5.171635543 -1.225718352 0)
(-2.322495061 -4.662201783 0)
(9.536316508 -7.416307325 0)
(8.743668148 -7.064273929 0)
(16.81230902 0.5977802692 0)
(8.101227676 1.129466248 0)
(5.760963113 2.507613109 0)
(6.347125158 2.205514937 0)
(10.31640558 -7.776434793 0)
(12.40294961 -1.266833026 0)
(-4.955079209 -7.433579704 0)
(-3.451821077 7.081123905 0)
(-4.133711362 7.534114991 0)
(-4.875834101 7.143396918 0)
(0.27286189 -0.08649422646 0)
(0.2918059432 -0.2297956506 0)
(0.09033380261 -0.4469210227 0)
(0.09126026869 -0.5541153821 0)
(-0.005030487484 -0.6093718711 0)
(0.1901814585 -0.4986550698 0)
(0.09524125826 -0.6699467901 0)
(-0.0117744136 -0.7294598046 0)
(-0.1156349765 -0.6613676061 0)
(-0.1269986142 -0.7925741123 0)
(-0.243335812 -0.7140854536 0)
(-0.254713887 -0.8599112644 0)
(-0.3775877437 -0.7733814142 0)
(0.4134455125 -0.3175443859 0)
(-0.38335253 -0.9292417029 0)
(-6.538511349 -0.1058438112 0)
(-6.56787363 0.5507196978 0)
(13.42720302 -7.442023537 0)
(14.16559979 -6.883864612 0)
(14.3215436 -7.862283605 0)
(15.0579078 -7.242374908 0)
(14.91661784 -6.298313086 0)
(15.80947907 -6.647093857 0)
(15.68245816 -5.708291703 0)
(16.55970755 -6.04571229 0)
(16.66794115 -6.967997671 0)
(16.43849234 -5.111791101 0)
(17.31831736 -5.450309201 0)
(17.17820365 -4.533847601 0)
(18.09368634 -4.894138375 0)
(2.705160613 5.779057313 0)
(4.678712165 -2.944679643 0)
(4.598434848 -2.383525969 0)
(9.138791357 -2.662943216 0)
(-2.303410048 4.777550456 0)
(-2.912665078 4.462321103 0)
(-0.3529957407 -0.6156487185 0)
(-0.4979528661 -0.6829985343 0)
(-0.481612652 -0.5399273339 0)
(-0.6199069001 -0.5898120811 0)
(-1.753687781 -6.882864804 0)
(-2.329313355 -7.30364181 0)
(0.2264998284 0.6593443914 0)
(0.06439126008 0.7786188891 0)
(-0.08495127019 0.5471399161 0)
(0.09447005384 0.4474314215 0)
(0.4120199193 0.5061657214 0)
(-5.607052163 -3.929330147 0)
(17.71945554 5.555787984 0)
(3.412961607 0.7811654823 0)
(2.977309263 0.4967104436 0)
(4.402630319 8.056685262 0)
(5.097562317 7.557711596 0)
(-6.345439827 -3.656341691 0)
(17.70344995 0.2975443791 0)
(10.50788415 7.799018685 0)
(14.91577486 2.267928902 0)
(14.98354 1.234434803 0)
(0.09915391263 -0.8303390613 0)
(0.6515461477 -7.315807849 0)
(0.8022540194 -8.202348208 0)
(17.88976859 4.599433976 0)
(1.563067812 -0.4862589072 0)
(1.590358673 -0.7760020196 0)
(1.852374086 -0.6129851698 0)
(1.877242076 -0.9340074525 0)
(2.161604959 -0.7460968502 0)
(1.585926315 -1.049959422 0)
(8.816300718 -7.905083687 0)
(7.848869372 -7.544043958 0)
(5.948534867 1.172231925 0)
(6.870488055 -6.618669005 0)
(4.265324306 -3.860400846 0)
(15.22180526 -8.235027951 0)
(18.22199817 -1.789166284 0)
(-0.7423991907 -2.702396273 0)
(-1.069201483 -2.604080891 0)
(-1.048399398 -2.214227882 0)
(-0.6374140979 -0.7443477907 0)
(-0.7643975628 -0.6495834529 0)
(-0.7417487399 -0.4909328511 0)
(-0.8884333773 -0.5474859444 0)
(-0.8411755175 -0.3712181181 0)
(-1.038225585 -0.426219125 0)
(2.251932028 7.807806504 0)
(-0.4717871133 2.039470926 0)
(-0.4826275987 2.458188538 0)
(12.72688147 -7.934646087 0)
(12.77513089 0.8906649015 0)
(13.56524063 0.5923947876 0)
(9.216573464 1.451695277 0)
(7.996502038 1.828877744 0)
(2.332064012 -3.551059581 0)
(-7.022375221 -5.547654056 0)
(3.762889126 8.414746922 0)
(11.90225028 6.806879316 0)
(12.03671449 7.685091335 0)
(-1.703268917 -7.634419878 0)
(-2.31670729 -8.084048863 0)
(4.557068678 2.973740132 0)
(-1.898005229 -2.168464258 0)
(14.05050233 7.747453851 0)
(17.62937609 -3.124877594 0)
(2.225504165 -1.0745094 0)
(0.6257762678 0.6014130622 0)
(0.08305672575 0.9875448364 0)
(3.643679427 -2.575866795 0)
(-1.654651021 -8.43535214 0)
(4.005512599 3.126002175 0)
(-1.633407303 -0.09739317343 0)
(6.709344181 -5.870971558 0)
(-3.386509281 7.875510614 0)
(0.9780510498 -5.60481136 0)
(0.8891914783 -4.998030195 0)
(0.3446057234 -4.775333775 0)
(8.489951515 -2.385419547 0)
(8.52306774 -3.148799061 0)
(-1.594166592 -2.307479358 0)
(7.372183371 2.092887363 0)
(7.869497395 2.547209136 0)
(7.194755715 2.802877727 0)
(3.137888615 2.406393167 0)
(4.952389962 -7.976236392 0)
(4.331201112 -8.445873459 0)
(3.490296572 -8.123533327 0)
(-7.280361379 -2.672693431 0)
(-4.867647523 7.945937343 0)
(-5.633132926 7.597495224 0)
(0.2698733203 0.07178450952 0)
(-0.912937006 -0.7196068492 0)
(-1.384082691 0.5378979213 0)
(-1.20266705 0.447919971 0)
(-1.014365181 0.5001667583 0)
(-0.9029822305 0.7507254643 0)
(-0.7416232535 0.6472834978 0)
(-0.5838914059 0.7221505689 0)
(-0.6045561521 0.5518684795 0)
(-0.4617898842 0.6115982677 0)
(-0.7433164126 0.4779014557 0)
(-0.4284765043 0.7648150154 0)
(-0.326600939 0.6602126468 0)
(-0.4810027368 0.45887449 0)
(-0.9208898268 -0.03822527731 0)
(-0.9487716357 -0.15024897 0)
(-0.8482404289 -0.2214953326 0)
(18.47986538 5.291070807 0)
(0.7621167967 -4.478863491 0)
(3.405162341 0.2525518871 0)
(3.033557692 0.02872704842 0)
(-0.6123883397 0.3975296295 0)
(-0.239285979 -1.238630246 0)
(1.028948533 -6.249262454 0)
(1.377329928 5.193106827 0)
(2.580982735 0.199928785 0)
(2.714988136 -0.2288346542 0)
(-0.04229773448 3.023265337 0)
(-4.852887348 2.990258324 0)
(-4.26404668 3.20431695 0)
(-5.480915747 2.708448501 0)
(-6.128782619 3.115760912 0)
(-6.102096764 2.326079166 0)
(-6.774057655 2.682464073 0)
(-6.737333771 1.924055368 0)
(-6.769234768 3.562766677 0)
(-7.445599892 2.267560053 0)
(-7.362869834 1.555252598 0)
(-0.7468801674 0.3385676072 0)
(16.51256416 7.772078234 0)
(17.43185034 7.469807324 0)
(15.61295183 8.060232611 0)
(1.282703541 1.220949662 0)
(1.200431166 1.626206781 0)
(1.575226286 1.858943601 0)
(1.10079601 2.065736837 0)
(7.737340643 3.142542232 0)
(15.3034358 0.2623209899 0)
(0.1834993535 -0.3932721099 0)
(-2.213932086 -1.27702354 0)
(-2.551928092 -1.45446996 0)
(-2.543388482 -1.832055814 0)
(-2.894328338 -1.640329472 0)
(-2.88953381 -1.239186984 0)
(-3.25060926 -1.420108816 0)
(-3.246959605 -1.004600215 0)
(-2.858136566 -0.7990486179 0)
(-3.610398596 -1.187574203 0)
(-3.621672448 -0.7626744684 0)
(-4.028367774 -0.9884263536 0)
(-3.223376723 -1.808842393 0)
(-2.858494288 -2.394085657 0)
(-1.867657805 -2.542589826 0)
(-1.480916979 -2.690282266 0)
(0.1933740054 -0.9697661651 0)
(-5.6131869 -3.135460379 0)
(2.083766829 -0.4155458456 0)
(3.568132802 -9.092833805 0)
(11.20294834 -2.864516502 0)
(11.86785447 -2.387240651 0)
(10.51928791 -3.275594838 0)
(6.985459379 -7.429148218 0)
(6.302575341 -7.858108837 0)
(3.22366202 -6.904089526 0)
(-0.5591836959 -1.150095149 0)
(-0.68255052 -0.3558409887 0)
(-0.5943485161 -0.4552504577 0)
(-7.738737009 -5.091537151 0)
(0.3018456615 -0.4322664975 0)
(0.3052736775 -0.5829509566 0)
(0.4357177254 -0.4849624729 0)
(0.6016428949 -0.4083145959 0)
(0.4514905381 -0.6420102744 0)
(0.2197184101 -0.7294375709 0)
(8.477159424 3.016024477 0)
(-4.870732492 1.762783102 0)
(-0.8267719044 2.219434646 0)
(-0.8677831385 0.4039777224 0)
(10.13209852 4.169511489 0)
(10.88752309 3.842591813 0)
(9.342825278 4.418806867 0)
(-0.8378293738 0.2435435405 0)
(-5.948363415 1.563970605 0)
(2.535338653 -0.8270979835 0)
(-2.428214333 2.015580315 0)
(-2.065500484 1.787786423 0)
(-1.695088415 1.958176192 0)
(-2.391418416 1.588559999 0)
(-2.027474518 1.368856961 0)
(-1.73931525 1.598489813 0)
(-1.39195826 1.725929514 0)
(-1.37330446 2.046817759 0)
(0.01171219218 0.618361948 0)
(-0.09553980564 0.6699119976 0)
(-0.09538755967 0.8364346915 0)
(4.855501987 1.057855053 0)
(-2.201214632 -8.946290801 0)
(5.005345078 6.710900992 0)
(5.805519121 7.0878857 0)
(5.884801363 7.881970122 0)
(6.567348269 7.436113899 0)
(6.605667357 8.212883347 0)
(7.344226051 7.813753037 0)
(-4.886528998 -1.028881592 0)
(-4.894131358 -0.4312593055 0)
(-0.1544144376 -5.09380089 0)
(-0.1612773253 -4.52384352 0)
(-0.6911595824 -4.781277983 0)
(-3.858448214 0.1963602694 0)
(-2.408965493 0.6295674699 0)
(-2.369354105 0.9679128773 0)
(1.331701208 -4.60933001 0)
(-1.049864403 1.891161356 0)
(-3.056820351 1.163261651 0)
(-3.019109969 1.647155742 0)
(0.2153821396 0.2023365986 0)
(-4.285585761 -1.504563987 0)
(-1.219070523 -0.5404272866 0)
(-7.182138338 0.1978600738 0)
(1.109755461 -2.32869407 0)
(1.066539755 -1.976695762 0)
(1.335218597 -1.758869127 0)
(1.021014751 -1.642179122 0)
(0.7390856806 -1.840477403 0)
(1.263660538 -1.465549386 0)
(1.606935066 -1.550692368 0)
(0.7939966604 -2.196444017 0)
(0.4733112548 -2.424277796 0)
(0.5110470338 -2.806073003 0)
(0.1679739515 -3.041442926 0)
(-0.1851062091 -2.914241334 0)
(1.92275 -3.845308691 0)
(0.2979157362 0.3405471524 0)
(0.4827652704 0.3210301188 0)
(8.833973722 3.769884585 0)
(0.8341989778 -0.4016796029 0)
(-0.2085465123 -0.5935635238 0)
(4.48080532 8.965142648 0)
(6.443068485 2.913409971 0)
(5.68636368 3.155132476 0)
(-1.238092117 -0.3461594601 0)
(-1.699221249 5.115728269 0)
(-1.708009887 4.390809762 0)
(-1.163590444 4.738123034 0)
(18.17501163 -5.862387716 0)
(-1.549819 2.410577407 0)
(17.06876344 -0.3945539963 0)
(13.91037923 -1.000531094 0)
(16.24436725 -4.207938856 0)
(-4.940750817 -4.341831495 0)
(-4.209088959 -3.933579332 0)
(-3.692674261 -4.403206786 0)
(-3.663293985 -5.088272346 0)
(-3.15892678 -4.735725137 0)
(-0.6695612709 2.844729444 0)
(6.567646632 -9.187982185 0)
(1.898268413 -4.939375232 0)
(8.42222488 -1.615146164 0)
(7.794018541 -2.098086444 0)
(7.087239001 3.550898872 0)
(-0.2810764974 0.8144273026 0)
(-0.3530481347 0.5059323383 0)
(8.501081826 -9.228010371 0)
(18.09762054 -0.7328662163 0)
(5.392211996 0.8549877737 0)
(3.207644566 -2.870428642 0)
(2.734510558 -3.200291507 0)
(13.04701085 8.135341115 0)
(5.808797247 -3.478244859 0)
(-4.16871959 4.45566939 0)
(-3.90466537 -0.396476114 0)
(3.424415852 -0.2091878144 0)
(-0.9626889157 0.3148971802 0)
(4.437285983 0.6406510307 0)
(4.2242673 1.268394112 0)
(3.920647615 0.766044753 0)
(14.1339116 1.786391758 0)
(8.493655157 9.15732507 0)
(8.929420032 8.170558831 0)
(-4.50720598 9.225719255 0)
(-4.527697651 -9.193462821 0)
(17.2636147 8.488616671 0)
(0.7901081015 2.436408013 0)
(-0.9318788579 -0.9337824475 0)
(-8.155092626 4.545270915 0)
(10.54685636 -9.195915777 0)
(-0.6135428517 -3.087989635 0)
(14.76087502 -5.399342095 0)
(-1.400255117 -0.2092198688 0)
(4.002109609 -2.165742249 0)
(4.436618079 -1.830183753 0)
(5.029569482 -2.016518852 0)
(5.164877054 -2.576143515 0)
(11.88086973 5.837163369 0)
(0.475249145 -9.170034013 0)
(1.462923826 -9.026148124 0)
(0.4751411658 9.1464507 0)
(-0.01927863838 8.35992688 0)
(-0.9069504946 8.329973305 0)
(0.8129464881 8.383156682 0)
(1.551602706 9.073248911 0)
(-1.411278023 9.13037896 0)
(-1.779132302 8.336183898 0)
(-2.508877331 9.066619544 0)
(-0.4981918492 7.608327976 0)
(-0.5401549713 0.9313517252 0)
(9.928467576 1.217247565 0)
(-3.539861364 4.807965748 0)
(-3.52967601 4.042826029 0)
(-2.886461209 3.828635802 0)
(-8.136670115 5.504668776 0)
(-7.307706043 6.017011436 0)
(-7.298411019 6.961868114 0)
(-6.468508534 6.480398937 0)
(-7.201618103 5.004251871 0)
(10.40058458 9.181109451 0)
(14.09312429 -1.872398119 0)
(-2.341762313 4.113301426 0)
(1.51250685 -4.058028677 0)
(7.062777073 -8.312341598 0)
(-1.892256861 -0.02335066849 0)
(-8.129910166 7.471734996 0)
(-7.263016521 7.940653403 0)
(-7.362991102 9.047946726 0)
(-6.320033997 8.389554522 0)
(2.037117123 5.494855168 0)
(1.296645558 4.442988114 0)
(0.6842611243 4.957812575 0)
(-0.7720514161 -2.004206795 0)
(-8.175835958 -2.427493995 0)
(-7.138580855 -3.507202301 0)
(2.387008777 2.980595629 0)
(12.60613118 -2.98853682 0)
(8.000623378 -6.617736284 0)
(2.668862017 -8.05173981 0)
(-5.902242932 -2.458144547 0)
(-0.9521848728 -4.27055372 0)
(14.78149513 3.202510152 0)
(19.02413213 -5.416031922 0)
(18.17931878 -6.865434298 0)
(19.04039248 -7.41911854 0)
(18.17622042 -7.888341235 0)
(18.10987571 -8.879881308 0)
(5.63222696 -2.108574411 0)
(11.33636028 -4.220826558 0)
(-0.9858447777 0.06947034767 0)
(12.48016664 -9.252767788 0)
(-6.490289634 -9.143853317 0)
(-6.014454236 -8.346461339 0)
(-6.99377064 -8.336692823 0)
(-6.409269899 -7.457900822 0)
(-7.428517332 -7.462974551 0)
(-7.012558937 -6.53749989 0)
(-2.540113868 -1.051716617 0)
(-1.917156784 -1.130058322 0)
(12.51021026 9.132064223 0)
(-3.226754922 -0.5769646256 0)
(3.460223093 -4.535728461 0)
(-0.1182307303 -0.9369149908 0)
(1.869359649 2.785285201 0)
(2.31094411 2.395854734 0)
(0.656375014 2.007678183 0)
(4.212672616 -6.120085628 0)
(15.51539106 -9.149623804 0)
(0.9450946607 0.2564333423 0)
(0.8514649166 0.4836102895 0)
(0.9496298325 0.759127355 0)
(1.287905007 0.8146954827 0)
(14.43938395 -8.962692012 0)
(19.15746856 0.4997747255 0)
(19.15492433 2.494586913 0)
(18.19359941 2.950703657 0)
(10.94298291 5.503423191 0)
(11.62569165 4.939313117 0)
(14.45618881 9.194186754 0)
(13.25914178 -1.591427701 0)
(19.04786316 -2.534323574 0)
(18.26648617 8.024455611 0)
(19.14015692 7.525937952 0)
(1.695122139 -1.873300126 0)
(6.575661351 9.089986518 0)
(6.407983548 0.5801867907 0)
(17.24296989 -8.46978738 0)
(14.5141152 0.5198543304 0)
(9.885685901 -4.412361548 0)
(9.818826045 -3.646782577 0)
(-4.86008127 -3.636162264 0)
(-6.204637736 3.992263007 0)
(-5.008723392 -8.316788357 0)
(11.60888653 -0.9091123071 0)
(-5.984294268 0.8546194935 0)
(2.528247331 0.7003671282 0)
(-1.313788489 7.653892976 0)
(-0.1620502114 6.899064166 0)
(-4.42357516 -0.6735559794 0)
(0.164555216 2.323984147 0)
(2.615606477 5.060983949 0)
(17.5545239 6.50898763 0)
(2.186131624 0.1241812577 0)
(-7.41086792 4.014273386 0)
(-3.548230014 -0.1018572029 0)
(15.94365547 -7.59103429 0)
(15.52116662 9.038414086 0)
(17.07817949 4.003631766 0)
(-0.3813788424 0.4033672021 0)
(15.21385714 5.61471851 0)
(17.25906828 3.076052277 0)
(0.7775095451 -1.528078254 0)
(11.8295403 -7.645765869 0)
(-2.648483421 1.312995092 0)
(18.34247443 9.079467786 0)
(13.14712838 -5.644578667 0)
(12.95477299 4.759851181 0)
(-0.3634043987 -0.4994101675 0)
(-0.4612504726 -0.4120662865 0)
(15.9378267 0.9491526561 0)
(6.519192954 6.664681303 0)
(8.045792894 8.349517851 0)
(6.829032465 1.702926366 0)
(5.682246786 -1.537711198 0)
(9.006902715 -1.184721234 0)
(-2.453321525 -0.7083909848 0)
(0.08780920763 -0.15 0)
(-3.522756049 -8.26716671 0)
(10.86892648 -0.5671675818 0)
(19.08394947 -1.423302943 0)
(-5.494693571 1.99291095 0)
(11.32704539 8.134888521 0)
(11.01896568 3.046357208 0)
(9.668229599 7.508433736 0)
(0.08918840982 0.350035432 0)
(0.08660254038 0.15 0)
(-0.5555240353 -8.288465927 0)
(14.05718762 2.668371254 0)
(4.668947594 -4.367854872 0)
(8.027457608 6.716592139 0)
(10.91860506 -6.377645015 0)
(9.381114642 0.6987567243 0)
(0.0868450545 -0.05 0)
(6.559109214 -0.1306404246 0)
(-0.08679037851 -0.5502038706 0)
(-0.7508495076 0.154090647 0)
(12.01911137 1.167770384 0)
(-0.6062476252 -0.2540345188 0)
(-0.5768430364 0.2699486845 0)
(8.193795989 0.4707490355 0)
(0.231835749 0.4795674091 0)
(-0.1809980827 -0.4937440257 0)
(-0.3429163121 -0.3926542351 0)
(5.229524864 -3.200660405 0)
(-1.355808497 -1.762265882 0)
(-1.19336284 -2.942315746 0)
(-1.817595092 1.089084611 0)
(8.700925753 -6.169603915 0)
(5.167705198 2.720107107 0)
(14.01809679 -5.976468531 0)
(4.017129009 -1.697340637 0)
(7.752586493 -3.473124618 0)
(7.288337457 -1.654361278 0)
(7.821361867 -1.266158502 0)
(-6.441631729 5.590218106 0)
(15.06055356 6.551897349 0)
(1.864285133 -1.279963143 0)
(-4.280432504 -3.238258205 0)
(5.463191437 0.2056998701 0)
(-6.4713841 7.366603808 0)
(5.171185808 5.407036499 0)
(4.67433558 -0.950623616 0)
(2.963273166 8.305675092 0)
(10.845862 4.634856307 0)
(2.642131772 2.046014064 0)
(2.050484071 1.989813773 0)
(-7.474549619 -9.198131978 0)
(3.563933462 2.807881227 0)
(-7.542571183 -4.262000001 0)
(5.597167329 -7.528746514 0)
(3.393692404 6.097906911 0)
(-4.081367181 8.425493072 0)
(18.32899989 1.972632587 0)
(-2.725709183 -0.2307695289 0)
(6.009778316 -5.587055384 0)
(-4.888779438 6.354896865 0)
(3.165085409 -2.029168582 0)
(-1.208774404 -6.48355786 0)
(-4.945397845 -6.650082567 0)
(0.5279677107 -6.658955684 0)
(-1.612615575 -0.3201502997 0)
(8.470215218 -3.82865183 0)
(-0.985576108 4.21036065 0)
(0.213551824 -1.7097185 0)
(0.4595637601 -1.798205717 0)
(9.577296095 -8.21889224 0)
(11.66020956 3.571426863 0)
(1.595728778 7.446126812 0)
(14.60202233 -4.511682826 0)
(-2.85027338 6.616089069 0)
(14.90550409 7.453500309 0)
(0.180340444 -0.195933727 0)
(8.504205112 4.572024871 0)
(2.478592023 -2.544972206 0)
(4.726676727 -3.511031926 0)
(4.326900072 3.632133121 0)
(-6.306652398 -5.936951156 0)
(-0.453450799 -1.896234076 0)
(11.02332606 -8.343816271 0)
(2.433210905 -0.4848899828 0)
(-2.769711298 -3.874151355 0)
(-8.15740292 1.842282993 0)
(2.123938103 -8.469100937 0)
(-0.9807423619 -0.2686469249 0)
(-2.969620846 -6.974535139 0)
(3.084624202 -6.173950561 0)
(-2.326008179 -5.243560553 0)
(1.411307174 -5.265380309 0)
(-0.7817775299 -0.8201946836 0)
(-0.7502100929 -0.1516128217 0)
(1.870670279 -3.001850338 0)
(3.274583741 5.317918082 0)
(-2.307904895 -4.113954117 0)
(11.00746126 -7.295349057 0)
(19.01875293 4.562647757 0)
(10.98076958 -1.33694938 0)
(-2.632201196 8.15449797 0)
(-3.739803487 -3.411993141 0)
(-2.092943278 0.6881119154 0)
(-3.816729438 2.864058873 0)
(8.118783385 -8.466951148 0)
(-4.352713945 1.516357732 0)
(5.185225456 8.379170338 0)
(12.67225291 1.667537886 0)
(16.38265213 -1.018138965 0)
(18.31582446 7.033105686 0)
(15.50571997 -4.811036521 0)
(1.249613934 -3.473104554 0)
(-2.212076805 -1.99751098 0)
(-8.158807488 2.671326902 0)
(-1.42343355 3.897658117 0)
(-6.614921886 -0.7390310343 0)
(-2.376899774 3.527192105 0)
(-1.631532023 -1.04723359 0)
(-1.131700029 -1.561536756 0)
(8.717876346 0.9191990798 0)
(17.39471838 -6.406991248 0)
(-5.664342128 6.822733427 0)
(-2.773398047 7.384409141 0)
(0.9882539737 -1.382806952 0)
(-0.1697899288 0.5003710028 0)
(-0.260794521 0.556928072 0)
(-1.512252492 -3.152849898 0)
(0.3608635459 7.547307872 0)
(6.609806939 -5.156597917 0)
(0.6406318933 -4.032437147 0)
(-7.455559289 3.126425502 0)
(13.76619438 -0.1552284697 0)
(0.657880261 0.8086184531 0)
(-0.08261510543 2.584285995 0)
(-0.08121524915 1.122938482 0)
(0.08809702323 -0.346696215 0)
(16.02250731 -3.36425128 0)
(5.842182408 0.5710872888 0)
(-1.432219 -9.236683818 0)
(0.5009660763 -2.080857014 0)
(-0.5150810322 -0.8287351359 0)
(0.9511951649 -1.146857572 0)
(0.5700937592 -1.414211876 0)
(13.43252355 1.350008055 0)
(0.3468153203 1.776234591 0)
(18.81935915 -4.3415321 0)
(3.807471402 -4.140844483 0)
(-0.6561777515 -1.746701081 0)
(18.15133604 -2.618193747 0)
(-6.641520202 1.238013637 0)
(1.686638283 2.334320749 0)
(4.168449334 6.466510036 0)
(-1.301892843 1.276617 0)
(-0.8826342515 0.5712621218 0)
(1.352830101 -0.8962127574 0)
(18.39824374 0.943516074 0)
(0.9329522603 3.976411996 0)
(8.064570055 7.551080882 0)
(-2.86291577 3.295062048 0)
(11.717019 -1.665737811 0)
(0.5124224514 4.358164758 0)
(-1.049348357 -0.6364622764 0)
(17.84104399 -3.984020082 0)
(4.675341813 -9.235208239 0)
(-0.02584417256 -0.8560132411 0)
(-0.8728253483 1.460017951 0)
(9.944030093 8.386617229 0)
(1.556643484 -0.2144670991 0)
(18.39164719 3.837784154 0)
(-2.08296237 1.035301445 0)
(1.923299947 -3.39589817 0)
(4.805194482 -1.497209459 0)
(12.58551724 -2.106884646 0)
(-0.2455189389 -1.027812129 0)
(1.601322934 8.14941393 0)
(3.053677576 -0.3755967974 0)
(-6.43660502 9.314295169 0)
(3.215127097 -2.444346112 0)
(-8.328009944 -7.494829552 0)
(0.2853109954 -4.296744399 0)
(14.73713287 8.310245652 0)
(13.57974468 -8.302810501 0)
(0.9492464645 1.36779648 0)
(5.035869761 3.365610052 0)
(-0.4505026017 1.724172372 0)
(-6.472871973 -2.89873106 0)
(1.393505952 -7.33429224 0)
(17.43939758 9.359466212 0)
(0.1755830708 0.3046719786 0)
(12.68861077 6.469604079 0)
(16.19641284 -8.415612318 0)
(-2.933218339 -7.761045973 0)
(0.5718051078 -0.2190894255 0)
(18.39666701 6.117263777 0)
(3.340407687 9.220400262 0)
(0.1115715494 0.5620169419 0)
(16.16499407 -0.07228086127 0)
(3.643530925 -6.373907146 0)
(0.1755442223 -0.002451619491 0)
(0.1606801637 -0.0969759146 0)
(12.08975409 -8.50408964 0)
(-5.634212777 -7.034048336 0)
(5.615219524 -8.287237168 0)
(-4.216982225 3.779886164 0)
(3.619278263 -7.439956631 0)
(-1.157024238 -7.200150332 0)
(0.1815150311 -0.6066573518 0)
(-5.301928256 -2.590351151 0)
(7.288085743 -5.461382409 0)
(-7.081234863 -0.3413598493 0)
(-0.4102038893 -0.332700961 0)
(0.479475181 -0.8018824647 0)
(-2.692343329 -0.5181232081 0)
(2.292317895 -1.409943097 0)
(-1.857035062 -2.939155258 0)
(18.47023772 0.0004376508179 0)
(0.2709225391 -2.214511926 0)
(-3.759723772 3.39662029 0)
(3.540645461 3.473703572 0)
(-2.058207565 7.596142939 0)
(9.836971575 -2.939939993 0)
(-1.063194656 -1.89448394 0)
(5.270985249 6.048910216 0)
(9.152595685 -3.385936498 0)
(16.93905445 -3.673776143 0)
(-3.206149413 -4.170498685 0)
(2.214909941 -3.140600237 0)
(16.70379864 -7.738907594 0)
(-1.222466306 0.2806831157 0)
(6.881209833 4.203071865 0)
(-5.451548042 8.347288043 0)
(-4.854834909 1.279129309 0)
(2.805027823 -2.777319706 0)
(12.07588951 8.458545099 0)
(3.709537262 1.157766551 0)
(17.37534282 -9.314145226 0)
(8.575332797 1.648818881 0)
(0.0750399934 -8.529625457 0)
(-0.5673441583 -0.3551068353 0)
(7.367693688 -6.20288226 0)
(-0.1344359757 -4.113141694 0)
(-0.6516331739 -0.8964732617 0)
(0.1753036919 0.395021719 0)
(-1.503157649 1.445785434 0)
(-2.510122364 -2.191684607 0)
(-6.214333613 -6.67048948 0)
(-7.710306827 -5.854715913 0)
(0.1035437075 0.6545855426 0)
(17.46801385 -7.25010631 0)
(1.356981174 -1.11853807 0)
(1.46099263 -5.895999268 0)
(11.45071167 4.249222785 0)
(-0.1635447898 0.5948764705 0)
(-0.4533589721 6.351040992 0)
(0.8935084495 1.766014771 0)
(-0.3949131584 0.9324453825 0)
(-1.330486633 -2.072865749 0)
(-0.3829565558 -1.122748157 0)
(-2.888752163 -8.586743884 0)
(0.2074509374 -2.707595805 0)
(6.492535308 1.220899437 0)
(-0.7330111371 0.2427730182 0)
(10.5445768 -3.981749659 0)
(1.019805903 -6.816552627 0)
(0.03135614809 -0.9876063791 0)
(-4.482364115 -1.170332603 0)
(-0.9265053608 0.1619679904 0)
(1.05168716 1.038203954 0)
(-2.736225893 -4.402292445 0)
(2.349907005 -0.1641860814 0)
(-0.4375329763 0.3461149263 0)
(19.23747956 5.682875246 0)
(6.554348837 5.966909199 0)
(8.385612805 2.268536944 0)
(1.788889223 -0.3628337911 0)
(0.1665734348 0.09433389772 0)
(-2.862913806 -2.003562584 0)
(9.219070606 5.09376481 0)
(5.820809253 6.390289264 0)
(-1.096487095 -7.944432217 0)
(-8.377338975 -5.531024988 0)
(-7.301860438 0.8489793664 0)
(18.85159647 -9.230762068 0)
(-0.5346791065 -0.9860613768 0)
(1.549939728 -8.14539959 0)
(-0.4728340877 -2.778910001 0)
(-8.267949192 9.267949192 0)
(-8.267949192 -9.267949192 0)
(5.953209109 8.548953255 0)
(19.26794919 9.267949192 0)
(-0.2066484232 0.700031364 0)
(2.69284311 2.585522087 0)
(-8.330158444 -4.598516075 0)
(7.239330792 -2.245259686 0)
(7.2258456 8.529748653 0)
(8.942652409 -8.614076684 0)
(1.577179684 -3.636497918 0)
(2.681015763 -1.130063538 0)
(-1.828985215 -0.9159451667 0)
(12.32908227 5.097233381 0)
(9.100571091 3.104085179 0)
(7.296232792 7.081278663 0)
(-4.153698669 -8.548755596 0)
(-2.180930103 -2.360091682 0)
(-2.961778071 -0.4178476179 0)
(3.52113116 -2.187867759 0)
(0.4706585176 2.29982677 0)
(8.068223449 3.776628291 0)
(-7.969965993 1.125073614 0)
(-1.025735293 0.6475178323 0)
(2.233864677 8.490271385 0)
(-3.172895057 -2.152757589 0)
(13.95816697 8.504240394 0)
(-3.639039876 -3.902978329 0)
(-0.5484358065 -4.371928973 0)
(-2.692875663 1.804733402 0)
(-0.6651213404 0.2859791912 0)
(-5.604347903 -7.717755711 0)
(2.980927036 -8.654722816 0)
(0.1835666585 -0.2924968135 0)
(5.478781898 3.715112974 0)
(2.48101087 -2.885495415 0)
(-1.021186925 -0.06026598208 0)
(0.209769546 -0.8517548032 0)
(0.3570340319 -0.7271495715 0)
(0.5839481246 -0.7012097541 0)
(3.792373773 -0.03752436586 0)
(-7.653374217 -0.1514583504 0)
(12.58634005 7.179681787 0)
(1.069398188 -4.120198398 0)
(-0.7311054866 1.882124957 0)
(0.7028631257 -0.2939923313 0)
(-0.1665520198 -2.583843682 0)
(11.20019298 -3.505431337 0)
(-1.147457568 1.546987447 0)
(1.175990717 -1.238635923 0)
(-4.713749793 3.518447776 0)
(-6.755853441 4.306119569 0)
(1.473330739 -1.302949177 0)
(-1.811860708 -0.2064762539 0)
(-3.518847036 -0.4207465917 0)
(-3.272787499 3.527795289 0)
(14.09712366 1.045033584 0)
(18.43557909 -3.352951298 0)
(-2.713777383 -4.969558647 0)
(-0.8071279391 2.522104525 0)
(10.19779292 -8.529987336 0)
(6.288655698 1.634155388 0)
(8.024402352 -2.791275 0)
(-0.7372268581 -0.2538735236 0)
(-2.338974578 1.280130748 0)
(-0.8586400629 1.687893549 0)
(-1.296087392 -2.363896042 0)
(-1.363384965 0.3744726897 0)
(-1.099969993 -0.2839484237 0)
(-1.643479582 7.119861154 0)
(1.062546264 7.725111742 0)
(3.381369727 -0.5546026258 0)
(-1.12289437 2.29691183 0)
(0.6085519167 0.4321545202 0)
(-2.138186843 -2.745097203 0)
(1.905236121 1.649807674 0)
(5.26857691 -1.658071172 0)
(-3.404871312 0.1820745551 0)
(0.7791347732 0.6589120495 0)
(0.5526254172 -0.5652453156 0)
(-0.9026067702 0.05127413659 0)
(-1.095245646 0.3465109 0)
(-0.5205660388 0.3598499885 0)
(-3.224450636 8.540938992 0)
(-0.9058806035 -2.946009491 0)
(-1.229131565 -0.2064182458 0)
(-1.020827844 -8.70839441 0)
(-0.3520930995 2.836845277 0)
(6.862694946 2.358572928 0)
(-1.737004723 1.330057816 0)
(5.031060664 -8.614053809 0)
(-2.811846198 -9.332488367 0)
(0.435964409 6.767021886 0)
(3.805178636 -1.412761857 0)
(1.49706117 -6.524444907 0)
(4.215365846 -4.285710243 0)
(11.78969759 -3.055881522 0)
(-3.883565692 -1.40589083 0)
(-4.897374322 8.631052767 0)
(6.225873896 -8.554276715 0)
(3.736954665 0.4356260589 0)
(7.392236527 -6.937977791 0)
(0.07402402779 1.151999618 0)
(-3.532852698 -2.025929643 0)
(2.743921363 -0.5367781212 0)
(10.72358108 8.513231682 0)
(0.3632252145 2.062238143 0)
(-1.044214998 -0.8150190358 0)
(1.272922411 -3.805912669 0)
(0.5797006603 -1.633096827 0)
(12.92533637 -8.646513939 0)
(17.71753426 3.631624985 0)
(16.28616917 8.505508881 0)
(-0.2812029534 -0.5246770257 0)
(0.2748326258 -0.3330750915 0)
(-0.3071450438 0.3976108911 0)
(3.082665824 -7.589789555 0)
(-5.307342488 1.564720647 0)
(-3.570173796 -1.609101951 0)
(-6.884673672 -4.100358082 0)
(0.08546495123 0.05 1)
(9.525080525 -9.114877597 1)
(9.457208543 9.161812428 1)
(-0.6645658797 -0.1796306712 1)
(-0.2564807101 -0.4457611815 1)
(-0.6664519473 0.1944754443 1)
(-0.2526249757 0.4529347984 1)
(5.514690016 9.180755951 1)
(5.581150909 -9.125713786 1)
(19.13621495 -0.4834615814 1)
(-3.514782756 -9.129423758 1)
(-3.513298191 9.182573762 1)
(2.507036798 9.151674109 1)
(2.499163081 -9.190498792 1)
(-8.174788013 3.560161922 1)
(-8.111392327 -3.510752193 1)
(-0.5019139539 -9.14581684 1)
(-0.4667542232 9.144293321 1)
(19.15438819 3.466292552 1)
(13.42885496 -9.203284257 1)
(-8.027696774 0.3788531136 1)
(13.5 9.133974596 1)
(19.27270106 -3.441550419 1)
(0.08660254038 -0.25 1)
(19.05673565 -6.398133342 1)
(19.14454326 6.520713131 1)
(-8.138896248 6.490461338 1)
(-8.116244136 -6.570876674 1)
(16.59089879 9.229246605 1)
(16.52386852 -9.221057443 1)
(-8.171965082 -1.47375475 1)
(-5.501219143 -9.149210416 1)
(-5.5 9.133974596 1)
(7.504619016 -9.169698842 1)
(11.48634036 -9.193742174 1)
(7.557880348 9.18260251 1)
(11.43836119 9.064524526 1)
(19.16831729 1.499880032 1)
(0.09631933799 0.2517831119 1)
(-0.4923236577 -0.2983419247 1)
(-0.4900373747 0.282413542 1)
(-8.148150777 8.435808707 1)
(18.9914887 -8.411760072 1)
(19.1339746 8.5 1)
(-8.095288251 -8.440296533 1)
(-8.191760091 -0.5355018684 1)
(-7.389456532 -0.9424859446 1)
(-7.380639757 -1.86036864 1)
(-6.658666969 -1.446520049 1)
(-6.613825086 -2.188070408 1)
(-5.994549051 -1.785622564 1)
(-6.001152326 -1.09330911 1)
(-5.411661022 -1.42718794 1)
(-5.427463074 -0.7763698267 1)
(-5.378883832 -2.075261148 1)
(-4.787762881 -1.656235104 1)
(-4.802934562 -2.335140197 1)
(-4.296974911 -2.03277321 1)
(-4.277751697 -2.625887451 1)
(-3.844449193 -2.314994058 1)
(-3.783476559 -2.874177559 1)
(-3.332494113 -2.532277278 1)
(-3.920239804 -1.806265823 1)
(-3.292783871 -3.112476478 1)
(-2.834767026 -2.830513851 1)
(-2.810384241 -3.362199507 1)
(-2.324367806 -3.055047106 1)
(-2.332827927 -3.595370682 1)
(-1.890534379 -3.355139855 1)
(-1.874454041 -3.841182063 1)
(-1.45106625 -3.583978807 1)
(-3.252438569 -3.639547541 1)
(-2.446651993 -2.5800816 1)
(-1.417838349 -4.06641695 1)
(-1.002592237 -3.786676793 1)
(-1.860189604 -4.369197865 1)
(-1.021632639 -3.29864336 1)
(-0.6040935983 -3.523077524 1)
(-0.5689162882 -3.964007378 1)
(-0.1873827542 -3.696852693 1)
(-0.2268077226 -3.262617037 1)
(0.1785975134 -3.439837824 1)
(0.2328415642 -3.866495969 1)
(0.5711055737 -3.609098658 1)
(0.5277495881 -3.189254194 1)
(0.8936332111 -3.347905869 1)
(0.8443290119 -2.951633007 1)
(1.203763423 -3.099649826 1)
(1.15203808 -2.71115792 1)
(1.510680784 -2.857519868 1)
(1.45923169 -2.4690697 1)
(1.820700941 -2.615795094 1)
(1.762706642 -2.232078003 1)
(2.131328392 -2.37242221 1)
(2.072406899 -1.983608358 1)
(2.447953669 -2.125255519 1)
(2.385719863 -1.737788414 1)
(2.775403808 -1.872792416 1)
(2.723388237 -1.491937519 1)
(3.110948934 -1.612785949 1)
(3.064150647 -1.202340898 1)
(3.454457321 -1.329409096 1)
(3.414271521 -0.9122833106 1)
(3.821030408 -1.044954942 1)
(3.755819389 -0.5552736657 1)
(4.214620272 -0.7562465384 1)
(4.146998516 -0.2705580519 1)
(4.620633533 -0.4527409592 1)
(4.541181703 0.07664277705 1)
(5.041228117 -0.1266002169 1)
(4.100755903 0.2699589497 1)
(5.114685269 -0.6653961581 1)
(5.558749795 -0.3311779938 1)
(3.591307422 -1.775874316 1)
(2.172014005 -2.76429342 1)
(4.950756952 0.4618477248 1)
(5.630183614 -0.8924408852 1)
(6.093607264 -0.5433778678 1)
(6.172254091 -1.144847676 1)
(6.658446403 -0.7693719184 1)
(6.73922728 -1.381648708 1)
(7.239512082 -0.9989231464 1)
(7.150613166 -0.3719598622 1)
(7.754332174 -0.6063924526 1)
(7.657609183 0.04341423708 1)
(8.284347574 -0.1974783966 1)
(8.360863295 -0.8835802023 1)
(8.925479984 -0.4553749156 1)
(8.824939954 0.2371525816 1)
(9.489486405 -0.01569633814 1)
(9.591416243 -0.7360003017 1)
(10.1760093 -0.2862050631 1)
(10.057612 0.4576408456 1)
(10.27292105 -1.027136465 1)
(2.982391543 -0.7674711882 1)
(0.9559134002 -3.741733797 1)
(10.77320244 0.1796865799 1)
(10.64592078 0.948771583 1)
(11.38566152 0.6610539716 1)
(11.26710137 1.444498495 1)
(10.51186596 1.731870272 1)
(0.8121479405 -2.566188229 1)
(6.237203604 -1.765077231 1)
(6.795584484 -2.013978204 1)
(6.296177156 -2.399872797 1)
(6.879814157 -2.663036976 1)
(6.353859825 -3.067146122 1)
(6.990603555 -3.335081137 1)
(11.142634 2.242841079 1)
(10.38270531 2.524874161 1)
(11.90087388 1.958833771 1)
(1.991134554 -1.617827481 1)
(11.78478972 2.765736921 1)
(12.56219346 2.477758966 1)
(6.423974923 -3.756683638 1)
(7.086831294 -4.035260883 1)
(-4.812393054 -2.947749486 1)
(12.4372495 3.310076573 1)
(13.23660072 3.004687118 1)
(13.3679624 2.147602912 1)
(6.512309201 -4.45898472 1)
(5.848347917 -4.178121924 1)
(7.188998235 -4.73661571 1)
(7.775949322 -4.30986881 1)
(13.10328609 3.871408735 1)
(12.23427204 4.257925822 1)
(13.93110166 3.548402173 1)
(5.925943763 -4.879478039 1)
(5.283279908 -4.60447549 1)
(7.889486191 -5.045404145 1)
(8.50045215 -4.595498008 1)
(13.79104885 4.442640416 1)
(5.352892375 -5.299524865 1)
(4.715700607 -5.024718008 1)
(4.780858624 -5.720177891 1)
(4.152322459 -5.423349246 1)
(14.64231043 4.108830191 1)
(8.601409483 -5.372936393 1)
(9.250379846 -4.887198563 1)
(14.49675492 5.024137598 1)
(4.077053487 -4.723194695 1)
(3.537875837 -5.142497438 1)
(3.602733092 -5.795315719 1)
(3.006272282 -5.508585962 1)
(1.402331075 -2.096725419 1)
(9.355401169 -5.700727478 1)
(10.01722106 -5.196276083 1)
(5.746937729 -2.80662611 1)
(15.36433498 4.695875048 1)
(15.50681113 3.765886054 1)
(-1.355795501 -4.603862297 1)
(-1.838215083 -4.932106848 1)
(-1.27809335 -5.182986161 1)
(-1.813169742 -5.535982678 1)
(-1.258520907 -5.809595078 1)
(-1.79386513 -6.185211477 1)
(-2.382503501 -5.87994293 1)
(5.438585245 -6.018529278 1)
(4.838699867 -6.451993132 1)
(13.63453994 5.349705221 1)
(11.49895049 -0.1218891318 1)
(5.998990191 0.0423300842 1)
(9.676234351 -1.481852399 1)
(10.37379488 -1.787636878 1)
(4.250431296 -1.302141009 1)
(-0.7014082107 -5.442939835 1)
(-0.6776472934 -6.087238112 1)
(-0.1317652698 -5.718497286 1)
(-0.07603852772 -6.382197255 1)
(2.950020293 -4.878232665 1)
(2.431643027 -5.230797845 1)
(2.470927166 -5.873703243 1)
(2.81920283 -2.294232362 1)
(7.966729891 -5.81087953 1)
(14.34316429 5.942159612 1)
(10.12684776 -6.034308789 1)
(10.80398489 -5.51612994 1)
(1.562756638 -3.239220586 1)
(7.438899322 -2.796835529 1)
(10.6761692 -4.703005484 1)
(11.48441397 -4.988809839 1)
(11.60669926 -5.852422649 1)
(12.30203053 -5.312509149 1)
(12.17500208 -4.436478555 1)
(12.9996625 -4.763311377 1)
(12.86839413 -3.881130492 1)
(13.69657283 -4.208125868 1)
(13.56551193 -3.321530795 1)
(13.8549111 -5.075852422 1)
(14.40290289 -3.646646277 1)
(14.27081208 -2.747833852 1)
(15.11362943 -3.075453284 1)
(14.9832236 -2.170873376 1)
(15.30610472 -3.927172544 1)
(15.83632439 -2.503158146 1)
(15.70136475 -1.604961054 1)
(14.8437387 -1.260653397 1)
(15.5366239 -0.6978450429 1)
(-5.985325798 -0.4461276822 1)
(-5.417464225 -0.1370522876 1)
(-5.953604213 0.1983672452 1)
(-5.39932818 0.4925281659 1)
(-4.884585684 0.1700364064 1)
(-4.856655043 0.7530579093 1)
(-4.380564003 0.4608616931 1)
(-4.35160416 0.9995357321 1)
(-3.909412009 0.732437779 1)
(-3.890172035 1.251535227 1)
(-3.472243371 0.98306351 1)
(-3.448171588 1.473259831 1)
(-3.870076889 1.769781138 1)
(-3.404698957 1.999566026 1)
(-3.853234884 2.308553362 1)
(-3.360640275 2.55438685 1)
(-2.881999228 2.184254584 1)
(-2.864090116 2.770107796 1)
(-2.424386166 2.484037828 1)
(-2.389747555 2.995249495 1)
(-1.969125007 2.709276756 1)
(-1.934244316 3.213712912 1)
(-1.532125623 2.918149235 1)
(-1.480602674 3.430581734 1)
(-1.065310613 3.13950241 1)
(-1.012844392 3.660024052 1)
(-0.528523661 3.276394138 1)
(-3.325160734 3.075832275 1)
(-0.518093999 3.890223893 1)
(-0.03761973211 3.555608049 1)
(-1.900718985 3.725795 1)
(-0.01606981891 4.142472049 1)
(0.4584190955 3.804673084 1)
(0.4233148851 3.238663211 1)
(0.9173433416 3.473392598 1)
(0.8617417136 2.931980539 1)
(1.385809643 3.14754074 1)
(1.277728404 2.614753095 1)
(1.429326352 3.731674895 1)
(1.935461096 3.372948481 1)
(1.968718517 4.014973145 1)
(2.509236329 3.61610577 1)
(2.573458738 4.292147584 1)
(3.092769202 3.877873469 1)
(1.99364234 4.728932211 1)
(-2.030403768 2.224225014 1)
(-0.5105943923 4.47135574 1)
(3.185389606 4.566004278 1)
(3.741127698 4.130177955 1)
(0.3631905649 2.683420999 1)
(3.826212452 4.827370972 1)
(4.40828639 4.408710659 1)
(-3.473872672 0.519674573 1)
(-3.085658302 0.7288613617 1)
(-3.082537807 0.3260535661 1)
(-2.737844972 0.49722473 1)
(-2.74454732 0.1197910264 1)
(-2.42794948 0.2829004346 1)
(-2.434820734 -0.05799035032 1)
(4.485894118 5.1250371 1)
(5.074031989 4.68626904 1)
(4.998399041 3.9974345 1)
(5.655651157 4.276641387 1)
(5.76051537 4.99016843 1)
(6.360227256 4.550624657 1)
(-2.149145812 0.1055607119 1)
(-2.103111338 -0.214287034 1)
(-2.13303266 0.4159751879 1)
(6.202682893 3.769324591 1)
(-5.389961326 1.07832073 1)
(2.986242276 3.09875284 1)
(-2.428378761 -0.3926088946 1)
(-2.136399027 -0.5426503431 1)
(6.483283782 5.271614975 1)
(7.092456572 4.835216204 1)
(-1.854840227 -0.4169886566 1)
(-1.865552148 -0.6799733497 1)
(-1.621873669 -0.5542372821 1)
(-1.619767062 -0.8047813643 1)
(-1.87944149 0.2538181897 1)
(-1.859889849 0.5355544312 1)
(-2.131006436 -0.8909944795 1)
(-1.404499499 -0.6754124537 1)
(-1.395666854 -0.9281210074 1)
(-1.208787964 -0.7679868952 1)
(-1.149281429 -1.013199666 1)
(-1.387456274 -1.181720806 1)
(-1.151312019 -1.297659297 1)
(-0.9375352934 -1.156399536 1)
(-0.9200443788 -1.414901383 1)
(-0.7140232546 -1.272797915 1)
(-0.6918400952 -1.525209742 1)
(-0.462787146 -1.34504053 1)
(-0.4610099776 -1.629397518 1)
(-0.2406908355 -1.481441474 1)
(-0.9025364694 -1.678457274 1)
(3.921440894 5.576185067 1)
(-0.233702333 -1.747485513 1)
(-0.01862896183 -1.599691419 1)
(7.219840174 5.581751189 1)
(7.850733647 5.107581972 1)
(-1.593690043 0.388974305 1)
(-1.605819168 0.6573775258 1)
(-0.03111770141 -1.346288262 1)
(0.182781102 -1.452852246 1)
(0.1464166284 -1.183272808 1)
(0.3703635072 -1.306979148 1)
(0.347682531 -1.083503766 1)
(0.5506451831 -1.177637942 1)
(0.5249358083 -0.9675653915 1)
(0.7304664358 -1.047806575 1)
(0.6881545372 -0.8170125596 1)
(0.9173157496 -0.9170637154 1)
(0.8934142146 -0.6834722458 1)
(1.115425245 -0.7822280922 1)
(1.084352418 -0.5247701856 1)
(1.329756191 -0.6372664265 1)
(1.300209325 -0.3686102604 1)
(1.045451752 -0.2560201526 1)
(1.2696079 -0.09063570056 1)
(1.002575763 0.003556153522 1)
(1.224856216 0.1950098733 1)
(1.524874939 0.08565874666 1)
(1.457715978 0.4258651841 1)
(1.118281113 0.4861580522 1)
(1.817764375 0.284621889 1)
(1.73572274 0.6679550803 1)
(2.121183492 0.5089599669 1)
(2.082973846 0.9069026854 1)
(0.05816598146 4.719364478 1)
(-0.4944288299 5.08659598 1)
(0.1175511532 5.372871552 1)
(-0.4447017249 5.743187791 1)
(0.1598718211 6.155894567 1)
(-1.069872366 5.438995378 1)
(-1.016087864 6.127683958 1)
(-1.64566054 5.817443289 1)
(-1.839102973 0.8087710085 1)
(-1.590700038 0.9208712842 1)
(-1.130478514 2.691375289 1)
(-1.372550054 0.7710546177 1)
(-1.347442074 1.02045067 1)
(-1.123862163 0.8437535726 1)
(-1.11284539 1.115458445 1)
(-0.9091301876 0.9724748749 1)
(-0.8870792322 1.217523392 1)
(-0.6972128175 1.073474698 1)
(-0.66436989 1.317731132 1)
(-0.4614734671 1.132472139 1)
(-0.4350794581 1.413898505 1)
(-0.2338999139 1.266614496 1)
(7.582591248 4.352561524 1)
(1.659042865 1.070299083 1)
(-1.382433129 -1.456968742 1)
(-3.152603279 -0.1375813805 1)
(5.848859949 5.681186959 1)
(-0.7275582545 -1.026295233 1)
(0.6903278028 -0.5897294809 1)
(7.962949625 5.924790158 1)
(8.614163138 5.460497155 1)
(-0.07819569572 -1.116141694 1)
(-1.613000602 6.517553206 1)
(-2.24230498 6.211014782 1)
(-1.412237817 -0.4358811609 1)
(0.3945436074 -1.550934193 1)
(1.888593907 -0.08491193356 1)
(-0.1948737404 1.532165052 1)
(0.03149349794 1.335784412 1)
(2.000848665 1.327344728 1)
(2.444419219 1.172878037 1)
(-1.185283586 0.6179559865 1)
(-1.065262717 1.33583166 1)
(1.138533009 -1.013282514 1)
(0.7566111042 -1.281549751 1)
(-4.379708345 -0.09127529187 1)
(-2.365320767 -6.564301184 1)
(-2.991825741 -6.236188157 1)
(0.009022348271 -1.871786896 1)
(-0.2236083563 -2.030722578 1)
(-1.55591592 1.176369068 1)
(13.41913714 -2.45257153 1)
(8.742608387 6.26740583 1)
(9.412660668 5.778387292 1)
(-0.6538946038 1.578536214 1)
(13.48578896 6.249535292 1)
(12.43171014 -6.196006412 1)
(-2.709991487 0.8846518554 1)
(9.767556644 -2.230618732 1)
(-0.7296281788 0.8445960216 1)
(16.2447062 4.358252132 1)
(16.0963702 5.295891292 1)
(16.38450746 3.423149856 1)
(7.254601816 6.305450718 1)
(-0.6188406326 -6.77572169 1)
(0.006734870658 -7.08544453 1)
(9.757718612 2.014750688 1)
(5.526138958 -6.768615267 1)
(15.64566869 2.833682123 1)
(-0.263384352 1.01916073 1)
(0.07153038752 1.654251546 1)
(0.3119113885 1.470574499 1)
(0.2627611366 1.161730743 1)
(0.5431986665 1.275433968 1)
(-0.180204152 1.837836486 1)
(14.66674129 -0.3848983456 1)
(16.57322112 -1.94352308 1)
(9.542576974 6.608961759 1)
(10.24116064 6.062720871 1)
(10.00755873 5.099097723 1)
(-2.279108147 5.487542459 1)
(-2.883262616 5.879613106 1)
(-2.900015891 5.158838593 1)
(-3.52555616 5.534585593 1)
(-3.506389976 6.290794346 1)
(-4.179888058 5.928888783 1)
(-4.190871422 5.164770989 1)
(-4.86092679 5.55907119 1)
(-4.87524965 4.778187192 1)
(-5.599133904 5.186119567 1)
(-5.64841367 5.99360881 1)
(-5.564995455 4.396100895 1)
(-4.163356747 6.717286386 1)
(1.928763084 -5.567259023 1)
(1.967724339 -6.218893317 1)
(2.540707798 -6.549791513 1)
(1.993527429 -6.931755292 1)
(16.52152545 2.489604089 1)
(2.313508033 1.605204436 1)
(2.80965808 1.47649765 1)
(12.13412244 0.3705870681 1)
(0.329212353 -0.8794665911 1)
(-2.207245773 6.928012494 1)
(9.44827257 -6.546241339 1)
(9.660359482 2.813075879 1)
(9.009572371 2.301754484 1)
(-6.246477334 4.79546332 1)
(2.401897622 -4.620782245 1)
(2.883655346 -4.290341521 1)
(-0.9426391306 6.877790725 1)
(-2.969102897 -5.419476757 1)
(-3.632459733 -5.846012569 1)
(-3.618406047 -6.626326354 1)
(-4.284210752 -6.256637134 1)
(-4.291660255 -5.474285583 1)
(-4.949197721 -5.875086658 1)
(-4.953881085 -5.093813009 1)
(-5.632316239 -5.485161206 1)
(-5.611527893 -6.267077273 1)
(-5.63106879 -4.690488475 1)
(-6.326501202 -5.089039629 1)
(0.6155273056 1.601607562 1)
(12.02152536 -3.654553622 1)
(0.03394448393 -2.156105448 1)
(16.71882844 -2.827721445 1)
(16.98929958 4.955059526 1)
(16.83830232 5.906085355 1)
(2.896018874 0.9870439781 1)
(3.278506421 1.298021548 1)
(10.23259324 -6.894661121 1)
(0.4876436756 0.9916288914 1)
(-0.2091258344 -2.32181592 1)
(-4.83626559 4.084161937 1)
(-5.398567121 3.533615508 1)
(-4.282906251 -7.049117446 1)
(4.893135293 -7.214316497 1)
(12.24640267 -0.4380528218 1)
(1.586113551 1.467731834 1)
(-4.352901194 2.055921177 1)
(14.18600942 6.867397 1)
(-6.295321291 -4.324991088 1)
(15.78488613 1.909713919 1)
(16.66113546 1.557138591 1)
(10.3639732 6.949596372 1)
(-0.487244739 -2.186491335 1)
(8.858439167 7.160917263 1)
(-1.644361285 0.1298587941 1)
(11.07985034 6.397945012 1)
(3.21182461 1.820954223 1)
(3.713340857 1.618860832 1)
(-1.414018737 0.2168881355 1)
(0.7633840759 5.654205602 1)
(0.8313084591 6.368529169 1)
(1.425075874 5.944491092 1)
(1.495063403 6.684089594 1)
(0.9418695752 7.099553417 1)
(2.110080894 6.244510328 1)
(2.185570677 7.011786944 1)
(-0.4811227677 -2.494134296 1)
(-0.7741140426 -2.354409765 1)
(0.7822958682 1.062274718 1)
(2.572073848 -7.281732529 1)
(0.7938098649 -0.1590721928 1)
(0.7586145531 0.07912248031 1)
(0.5834396578 -0.04743023605 1)
(0.5499311922 0.1522756093 1)
(-1.640159946 -1.322774876 1)
(-1.633606033 -1.633192017 1)
(-1.924446736 -1.472891414 1)
(9.127702172 -4.088502314 1)
(17.44759371 -2.276939867 1)
(0.2572135343 0.8814761989 1)
(0.4389006682 0.7348566926 1)
(3.639020307 2.175879485 1)
(4.18861751 1.935179706 1)
(4.102011376 2.556620368 1)
(4.673117941 2.330124922 1)
(0.08969904717 -2.436583487 1)
(5.251148261 -3.887236376 1)
(6.146016201 -6.315135646 1)
(6.243311978 -7.09677183 1)
(4.755033114 1.68868424 1)
(5.250159233 2.094001532 1)
(17.27246492 -1.340502639 1)
(10.48780448 -2.543368093 1)
(11.1028689 -2.098038412 1)
(0.7039472963 0.2956619918 1)
(10.25593241 3.33067241 1)
(9.521790456 3.619686472 1)
(13.35347363 7.121683946 1)
(0.4589403934 -5.991678233 1)
(0.3992374873 -5.352694812 1)
(-1.915974103 -1.817352418 1)
(-2.227316574 -1.649340431 1)
(-1.61797971 -1.963915988 1)
(2.365686183 -4.050941531 1)
(2.821678566 -3.727288831 1)
(1.883226111 -4.364368683 1)
(3.32588942 -3.948283113 1)
(3.264223578 -3.399033526 1)
(3.765293811 -3.616120185 1)
(3.704013128 -3.067588598 1)
(-4.33757028 2.644643509 1)
(-4.896438047 2.348599136 1)
(5.329464751 1.467234678 1)
(5.826050691 1.869204273 1)
(12.89730937 0.07075715269 1)
(-4.305958656 -4.709443186 1)
(0.4096429828 0.02081959135 1)
(0.4270711294 -0.1486402515 1)
(0.3691135058 0.1856830209 1)
(-7.015268268 -4.72964425 1)
(9.065197536 -1.936373418 1)
(12.75253697 5.66615523 1)
(4.216196006 -3.28848644 1)
(4.15067437 -2.733352921 1)
(-3.59450458 -7.410075181 1)
(-1.438412164 0.01528040839 1)
(-1.251492346 0.1016953528 1)
(-1.259175991 -0.07006936398 1)
(0.2566918334 -1.974735887 1)
(1.967076738 -7.695108438 1)
(-0.5744987549 -7.50399556 1)
(0.08543955276 -7.823830017 1)
(11.20256932 7.303381237 1)
(4.093962695 -6.876094299 1)
(4.239313288 -7.675464792 1)
(13.04338057 -0.7289476486 1)
(2.812057499 6.560069317 1)
(2.898994116 7.348753348 1)
(3.540809489 6.901094134 1)
(3.640098356 7.695847962 1)
(4.311524884 7.234534561 1)
(15.94327063 6.236320725 1)
(16.68421152 6.86305368 1)
(15.78587455 7.18377539 1)
(7.045014708 0.2783502261 1)
(7.555279339 0.7031737767 1)
(6.960511697 0.95309479 1)
(7.457286768 1.383232963 1)
(0.1016973147 1.973526067 1)
(-0.1689979174 2.181330204 1)
(11.7242973 -6.733771272 1)
(12.55622401 -7.097067614 1)
(13.28558109 -6.533655404 1)
(-4.259547912 -7.845673855 1)
(17.40277027 2.143459469 1)
(17.54484859 1.259256092 1)
(-1.11963197 0.01110286134 1)
(-1.108071011 -0.1587515798 1)
(-1.07404078 0.188887475 1)
(-0.8351273904 -0.1046774028 1)
(-0.8346512702 0.09713991614 1)
(4.605384626 5.877182054 1)
(5.171635543 -1.225718352 1)
(-2.322495061 -4.662201783 1)
(9.536316508 -7.416307325 1)
(8.743668148 -7.064273929 1)
(16.81230902 0.5977802692 1)
(8.101227676 1.129466248 1)
(5.760963113 2.507613109 1)
(6.347125158 2.205514937 1)
(10.31640558 -7.776434793 1)
(12.40294961 -1.266833026 1)
(-4.955079209 -7.433579704 1)
(-3.451821077 7.081123905 1)
(-4.133711362 7.534114991 1)
(-4.875834101 7.143396918 1)
(0.27286189 -0.08649422646 1)
(0.2918059432 -0.2297956506 1)
(0.09033380261 -0.4469210227 1)
(0.09126026869 -0.5541153821 1)
(-0.005030487484 -0.6093718711 1)
(0.1901814585 -0.4986550698 1)
(0.09524125826 -0.6699467901 1)
(-0.0117744136 -0.7294598046 1)
(-0.1156349765 -0.6613676061 1)
(-0.1269986142 -0.7925741123 1)
(-0.243335812 -0.7140854536 1)
(-0.254713887 -0.8599112644 1)
(-0.3775877437 -0.7733814142 1)
(0.4134455125 -0.3175443859 1)
(-0.38335253 -0.9292417029 1)
(-6.538511349 -0.1058438112 1)
(-6.56787363 0.5507196978 1)
(13.42720302 -7.442023537 1)
(14.16559979 -6.883864612 1)
(14.3215436 -7.862283605 1)
(15.0579078 -7.242374908 1)
(14.91661784 -6.298313086 1)
(15.80947907 -6.647093857 1)
(15.68245816 -5.708291703 1)
(16.55970755 -6.04571229 1)
(16.66794115 -6.967997671 1)
(16.43849234 -5.111791101 1)
(17.31831736 -5.450309201 1)
(17.17820365 -4.533847601 1)
(18.09368634 -4.894138375 1)
(2.705160613 5.779057313 1)
(4.678712165 -2.944679643 1)
(4.598434848 -2.383525969 1)
(9.138791357 -2.662943216 1)
(-2.303410048 4.777550456 1)
(-2.912665078 4.462321103 1)
(-0.3529957407 -0.6156487185 1)
(-0.4979528661 -0.6829985343 1)
(-0.481612652 -0.5399273339 1)
(-0.6199069001 -0.5898120811 1)
(-1.753687781 -6.882864804 1)
(-2.329313355 -7.30364181 1)
(0.2264998284 0.6593443914 1)
(0.06439126008 0.7786188891 1)
(-0.08495127019 0.5471399161 1)
(0.09447005384 0.4474314215 1)
(0.4120199193 0.5061657214 1)
(-5.607052163 -3.929330147 1)
(17.71945554 5.555787984 1)
(3.412961607 0.7811654823 1)
(2.977309263 0.4967104436 1)
(4.402630319 8.056685262 1)
(5.097562317 7.557711596 1)
(-6.345439827 -3.656341691 1)
(17.70344995 0.2975443791 1)
(10.50788415 7.799018685 1)
(14.91577486 2.267928902 1)
(14.98354 1.234434803 1)
(0.09915391263 -0.8303390613 1)
(0.6515461477 -7.315807849 1)
(0.8022540194 -8.202348208 1)
(17.88976859 4.599433976 1)
(1.563067812 -0.4862589072 1)
(1.590358673 -0.7760020196 1)
(1.852374086 -0.6129851698 1)
(1.877242076 -0.9340074525 1)
(2.161604959 -0.7460968502 1)
(1.585926315 -1.049959422 1)
(8.816300718 -7.905083687 1)
(7.848869372 -7.544043958 1)
(5.948534867 1.172231925 1)
(6.870488055 -6.618669005 1)
(4.265324306 -3.860400846 1)
(15.22180526 -8.235027951 1)
(18.22199817 -1.789166284 1)
(-0.7423991907 -2.702396273 1)
(-1.069201483 -2.604080891 1)
(-1.048399398 -2.214227882 1)
(-0.6374140979 -0.7443477907 1)
(-0.7643975628 -0.6495834529 1)
(-0.7417487399 -0.4909328511 1)
(-0.8884333773 -0.5474859444 1)
(-0.8411755175 -0.3712181181 1)
(-1.038225585 -0.426219125 1)
(2.251932028 7.807806504 1)
(-0.4717871133 2.039470926 1)
(-0.4826275987 2.458188538 1)
(12.72688147 -7.934646087 1)
(12.77513089 0.8906649015 1)
(13.56524063 0.5923947876 1)
(9.216573464 1.451695277 1)
(7.996502038 1.828877744 1)
(2.332064012 -3.551059581 1)
(-7.022375221 -5.547654056 1)
(3.762889126 8.414746922 1)
(11.90225028 6.806879316 1)
(12.03671449 7.685091335 1)
(-1.703268917 -7.634419878 1)
(-2.31670729 -8.084048863 1)
(4.557068678 2.973740132 1)
(-1.898005229 -2.168464258 1)
(14.05050233 7.747453851 1)
(17.62937609 -3.124877594 1)
(2.225504165 -1.0745094 1)
(0.6257762678 0.6014130622 1)
(0.08305672575 0.9875448364 1)
(3.643679427 -2.575866795 1)
(-1.654651021 -8.43535214 1)
(4.005512599 3.126002175 1)
(-1.633407303 -0.09739317343 1)
(6.709344181 -5.870971558 1)
(-3.386509281 7.875510614 1)
(0.9780510498 -5.60481136 1)
(0.8891914783 -4.998030195 1)
(0.3446057234 -4.775333775 1)
(8.489951515 -2.385419547 1)
(8.52306774 -3.148799061 1)
(-1.594166592 -2.307479358 1)
(7.372183371 2.092887363 1)
(7.869497395 2.547209136 1)
(7.194755715 2.802877727 1)
(3.137888615 2.406393167 1)
(4.952389962 -7.976236392 1)
(4.331201112 -8.445873459 1)
(3.490296572 -8.123533327 1)
(-7.280361379 -2.672693431 1)
(-4.867647523 7.945937343 1)
(-5.633132926 7.597495224 1)
(0.2698733203 0.07178450952 1)
(-0.912937006 -0.7196068492 1)
(-1.384082691 0.5378979213 1)
(-1.20266705 0.447919971 1)
(-1.014365181 0.5001667583 1)
(-0.9029822305 0.7507254643 1)
(-0.7416232535 0.6472834978 1)
(-0.5838914059 0.7221505689 1)
(-0.6045561521 0.5518684795 1)
(-0.4617898842 0.6115982677 1)
(-0.7433164126 0.4779014557 1)
(-0.4284765043 0.7648150154 1)
(-0.326600939 0.6602126468 1)
(-0.4810027368 0.45887449 1)
(-0.9208898268 -0.03822527731 1)
(-0.9487716357 -0.15024897 1)
(-0.8482404289 -0.2214953326 1)
(18.47986538 5.291070807 1)
(0.7621167967 -4.478863491 1)
(3.405162341 0.2525518871 1)
(3.033557692 0.02872704842 1)
(-0.6123883397 0.3975296295 1)
(-0.239285979 -1.238630246 1)
(1.028948533 -6.249262454 1)
(1.377329928 5.193106827 1)
(2.580982735 0.199928785 1)
(2.714988136 -0.2288346542 1)
(-0.04229773448 3.023265337 1)
(-4.852887348 2.990258324 1)
(-4.26404668 3.20431695 1)
(-5.480915747 2.708448501 1)
(-6.128782619 3.115760912 1)
(-6.102096764 2.326079166 1)
(-6.774057655 2.682464073 1)
(-6.737333771 1.924055368 1)
(-6.769234768 3.562766677 1)
(-7.445599892 2.267560053 1)
(-7.362869834 1.555252598 1)
(-0.7468801674 0.3385676072 1)
(16.51256416 7.772078234 1)
(17.43185034 7.469807324 1)
(15.61295183 8.060232611 1)
(1.282703541 1.220949662 1)
(1.200431166 1.626206781 1)
(1.575226286 1.858943601 1)
(1.10079601 2.065736837 1)
(7.737340643 3.142542232 1)
(15.3034358 0.2623209899 1)
(0.1834993535 -0.3932721099 1)
(-2.213932086 -1.27702354 1)
(-2.551928092 -1.45446996 1)
(-2.543388482 -1.832055814 1)
(-2.894328338 -1.640329472 1)
(-2.88953381 -1.239186984 1)
(-3.25060926 -1.420108816 1)
(-3.246959605 -1.004600215 1)
(-2.858136566 -0.7990486179 1)
(-3.610398596 -1.187574203 1)
(-3.621672448 -0.7626744684 1)
(-4.028367774 -0.9884263536 1)
(-3.223376723 -1.808842393 1)
(-2.858494288 -2.394085657 1)
(-1.867657805 -2.542589826 1)
(-1.480916979 -2.690282266 1)
(0.1933740054 -0.9697661651 1)
(-5.6131869 -3.135460379 1)
(2.083766829 -0.4155458456 1)
(3.568132802 -9.092833805 1)
(11.20294834 -2.864516502 1)
(11.86785447 -2.387240651 1)
(10.51928791 -3.275594838 1)
(6.985459379 -7.429148218 1)
(6.302575341 -7.858108837 1)
(3.22366202 -6.904089526 1)
(-0.5591836959 -1.150095149 1)
(-0.68255052 -0.3558409887 1)
(-0.5943485161 -0.4552504577 1)
(-7.738737009 -5.091537151 1)
(0.3018456615 -0.4322664975 1)
(0.3052736775 -0.5829509566 1)
(0.4357177254 -0.4849624729 1)
(0.6016428949 -0.4083145959 1)
(0.4514905381 -0.6420102744 1)
(0.2197184101 -0.7294375709 1)
(8.477159424 3.016024477 1)
(-4.870732492 1.762783102 1)
(-0.8267719044 2.219434646 1)
(-0.8677831385 0.4039777224 1)
(10.13209852 4.169511489 1)
(10.88752309 3.842591813 1)
(9.342825278 4.418806867 1)
(-0.8378293738 0.2435435405 1)
(-5.948363415 1.563970605 1)
(2.535338653 -0.8270979835 1)
(-2.428214333 2.015580315 1)
(-2.065500484 1.787786423 1)
(-1.695088415 1.958176192 1)
(-2.391418416 1.588559999 1)
(-2.027474518 1.368856961 1)
(-1.73931525 1.598489813 1)
(-1.39195826 1.725929514 1)
(-1.37330446 2.046817759 1)
(0.01171219218 0.618361948 1)
(-0.09553980564 0.6699119976 1)
(-0.09538755967 0.8364346915 1)
(4.855501987 1.057855053 1)
(-2.201214632 -8.946290801 1)
(5.005345078 6.710900992 1)
(5.805519121 7.0878857 1)
(5.884801363 7.881970122 1)
(6.567348269 7.436113899 1)
(6.605667357 8.212883347 1)
(7.344226051 7.813753037 1)
(-4.886528998 -1.028881592 1)
(-4.894131358 -0.4312593055 1)
(-0.1544144376 -5.09380089 1)
(-0.1612773253 -4.52384352 1)
(-0.6911595824 -4.781277983 1)
(-3.858448214 0.1963602694 1)
(-2.408965493 0.6295674699 1)
(-2.369354105 0.9679128773 1)
(1.331701208 -4.60933001 1)
(-1.049864403 1.891161356 1)
(-3.056820351 1.163261651 1)
(-3.019109969 1.647155742 1)
(0.2153821396 0.2023365986 1)
(-4.285585761 -1.504563987 1)
(-1.219070523 -0.5404272866 1)
(-7.182138338 0.1978600738 1)
(1.109755461 -2.32869407 1)
(1.066539755 -1.976695762 1)
(1.335218597 -1.758869127 1)
(1.021014751 -1.642179122 1)
(0.7390856806 -1.840477403 1)
(1.263660538 -1.465549386 1)
(1.606935066 -1.550692368 1)
(0.7939966604 -2.196444017 1)
(0.4733112548 -2.424277796 1)
(0.5110470338 -2.806073003 1)
(0.1679739515 -3.041442926 1)
(-0.1851062091 -2.914241334 1)
(1.92275 -3.845308691 1)
(0.2979157362 0.3405471524 1)
(0.4827652704 0.3210301188 1)
(8.833973722 3.769884585 1)
(0.8341989778 -0.4016796029 1)
(-0.2085465123 -0.5935635238 1)
(4.48080532 8.965142648 1)
(6.443068485 2.913409971 1)
(5.68636368 3.155132476 1)
(-1.238092117 -0.3461594601 1)
(-1.699221249 5.115728269 1)
(-1.708009887 4.390809762 1)
(-1.163590444 4.738123034 1)
(18.17501163 -5.862387716 1)
(-1.549819 2.410577407 1)
(17.06876344 -0.3945539963 1)
(13.91037923 -1.000531094 1)
(16.24436725 -4.207938856 1)
(-4.940750817 -4.341831495 1)
(-4.209088959 -3.933579332 1)
(-3.692674261 -4.403206786 1)
(-3.663293985 -5.088272346 1)
(-3.15892678 -4.735725137 1)
(-0.6695612709 2.844729444 1)
(6.567646632 -9.187982185 1)
(1.898268413 -4.939375232 1)
(8.42222488 -1.615146164 1)
(7.794018541 -2.098086444 1)
(7.087239001 3.550898872 1)
(-0.2810764974 0.8144273026 1)
(-0.3530481347 0.5059323383 1)
(8.501081826 -9.228010371 1)
(18.09762054 -0.7328662163 1)
(5.392211996 0.8549877737 1)
(3.207644566 -2.870428642 1)
(2.734510558 -3.200291507 1)
(13.04701085 8.135341115 1)
(5.808797247 -3.478244859 1)
(-4.16871959 4.45566939 1)
(-3.90466537 -0.396476114 1)
(3.424415852 -0.2091878144 1)
(-0.9626889157 0.3148971802 1)
(4.437285983 0.6406510307 1)
(4.2242673 1.268394112 1)
(3.920647615 0.766044753 1)
(14.1339116 1.786391758 1)
(8.493655157 9.15732507 1)
(8.929420032 8.170558831 1)
(-4.50720598 9.225719255 1)
(-4.527697651 -9.193462821 1)
(17.2636147 8.488616671 1)
(0.7901081015 2.436408013 1)
(-0.9318788579 -0.9337824475 1)
(-8.155092626 4.545270915 1)
(10.54685636 -9.195915777 1)
(-0.6135428517 -3.087989635 1)
(14.76087502 -5.399342095 1)
(-1.400255117 -0.2092198688 1)
(4.002109609 -2.165742249 1)
(4.436618079 -1.830183753 1)
(5.029569482 -2.016518852 1)
(5.164877054 -2.576143515 1)
(11.88086973 5.837163369 1)
(0.475249145 -9.170034013 1)
(1.462923826 -9.026148124 1)
(0.4751411658 9.1464507 1)
(-0.01927863838 8.35992688 1)
(-0.9069504946 8.329973305 1)
(0.8129464881 8.383156682 1)
(1.551602706 9.073248911 1)
(-1.411278023 9.13037896 1)
(-1.779132302 8.336183898 1)
(-2.508877331 9.066619544 1)
(-0.4981918492 7.608327976 1)
(-0.5401549713 0.9313517252 1)
(9.928467576 1.217247565 1)
(-3.539861364 4.807965748 1)
(-3.52967601 4.042826029 1)
(-2.886461209 3.828635802 1)
(-8.136670115 5.504668776 1)
(-7.307706043 6.017011436 1)
(-7.298411019 6.961868114 1)
(-6.468508534 6.480398937 1)
(-7.201618103 5.004251871 1)
(10.40058458 9.181109451 1)
(14.09312429 -1.872398119 1)
(-2.341762313 4.113301426 1)
(1.51250685 -4.058028677 1)
(7.062777073 -8.312341598 1)
(-1.892256861 -0.02335066849 1)
(-8.129910166 7.471734996 1)
(-7.263016521 7.940653403 1)
(-7.362991102 9.047946726 1)
(-6.320033997 8.389554522 1)
(2.037117123 5.494855168 1)
(1.296645558 4.442988114 1)
(0.6842611243 4.957812575 1)
(-0.7720514161 -2.004206795 1)
(-8.175835958 -2.427493995 1)
(-7.138580855 -3.507202301 1)
(2.387008777 2.980595629 1)
(12.60613118 -2.98853682 1)
(8.000623378 -6.617736284 1)
(2.668862017 -8.05173981 1)
(-5.902242932 -2.458144547 1)
(-0.9521848728 -4.27055372 1)
(14.78149513 3.202510152 1)
(19.02413213 -5.416031922 1)
(18.17931878 -6.865434298 1)
(19.04039248 -7.41911854 1)
(18.17622042 -7.888341235 1)
(18.10987571 -8.879881308 1)
(5.63222696 -2.108574411 1)
(11.33636028 -4.220826558 1)
(-0.9858447777 0.06947034767 1)
(12.48016664 -9.252767788 1)
(-6.490289634 -9.143853317 1)
(-6.014454236 -8.346461339 1)
(-6.99377064 -8.336692823 1)
(-6.409269899 -7.457900822 1)
(-7.428517332 -7.462974551 1)
(-7.012558937 -6.53749989 1)
(-2.540113868 -1.051716617 1)
(-1.917156784 -1.130058322 1)
(12.51021026 9.132064223 1)
(-3.226754922 -0.5769646256 1)
(3.460223093 -4.535728461 1)
(-0.1182307303 -0.9369149908 1)
(1.869359649 2.785285201 1)
(2.31094411 2.395854734 1)
(0.656375014 2.007678183 1)
(4.212672616 -6.120085628 1)
(15.51539106 -9.149623804 1)
(0.9450946607 0.2564333423 1)
(0.8514649166 0.4836102895 1)
(0.9496298325 0.759127355 1)
(1.287905007 0.8146954827 1)
(14.43938395 -8.962692012 1)
(19.15746856 0.4997747255 1)
(19.15492433 2.494586913 1)
(18.19359941 2.950703657 1)
(10.94298291 5.503423191 1)
(11.62569165 4.939313117 1)
(14.45618881 9.194186754 1)
(13.25914178 -1.591427701 1)
(19.04786316 -2.534323574 1)
(18.26648617 8.024455611 1)
(19.14015692 7.525937952 1)
(1.695122139 -1.873300126 1)
(6.575661351 9.089986518 1)
(6.407983548 0.5801867907 1)
(17.24296989 -8.46978738 1)
(14.5141152 0.5198543304 1)
(9.885685901 -4.412361548 1)
(9.818826045 -3.646782577 1)
(-4.86008127 -3.636162264 1)
(-6.204637736 3.992263007 1)
(-5.008723392 -8.316788357 1)
(11.60888653 -0.9091123071 1)
(-5.984294268 0.8546194935 1)
(2.528247331 0.7003671282 1)
(-1.313788489 7.653892976 1)
(-0.1620502114 6.899064166 1)
(-4.42357516 -0.6735559794 1)
(0.164555216 2.323984147 1)
(2.615606477 5.060983949 1)
(17.5545239 6.50898763 1)
(2.186131624 0.1241812577 1)
(-7.41086792 4.014273386 1)
(-3.548230014 -0.1018572029 1)
(15.94365547 -7.59103429 1)
(15.52116662 9.038414086 1)
(17.07817949 4.003631766 1)
(-0.3813788424 0.4033672021 1)
(15.21385714 5.61471851 1)
(17.25906828 3.076052277 1)
(0.7775095451 -1.528078254 1)
(11.8295403 -7.645765869 1)
(-2.648483421 1.312995092 1)
(18.34247443 9.079467786 1)
(13.14712838 -5.644578667 1)
(12.95477299 4.759851181 1)
(-0.3634043987 -0.4994101675 1)
(-0.4612504726 -0.4120662865 1)
(15.9378267 0.9491526561 1)
(6.519192954 6.664681303 1)
(8.045792894 8.349517851 1)
(6.829032465 1.702926366 1)
(5.682246786 -1.537711198 1)
(9.006902715 -1.184721234 1)
(-2.453321525 -0.7083909848 1)
(0.08780920763 -0.15 1)
(-3.522756049 -8.26716671 1)
(10.86892648 -0.5671675818 1)
(19.08394947 -1.423302943 1)
(-5.494693571 1.99291095 1)
(11.32704539 8.134888521 1)
(11.01896568 3.046357208 1)
(9.668229599 7.508433736 1)
(0.08918840982 0.350035432 1)
(0.08660254038 0.15 1)
(-0.5555240353 -8.288465927 1)
(14.05718762 2.668371254 1)
(4.668947594 -4.367854872 1)
(8.027457608 6.716592139 1)
(10.91860506 -6.377645015 1)
(9.381114642 0.6987567243 1)
(0.0868450545 -0.05 1)
(6.559109214 -0.1306404246 1)
(-0.08679037851 -0.5502038706 1)
(-0.7508495076 0.154090647 1)
(12.01911137 1.167770384 1)
(-0.6062476252 -0.2540345188 1)
(-0.5768430364 0.2699486845 1)
(8.193795989 0.4707490355 1)
(0.231835749 0.4795674091 1)
(-0.1809980827 -0.4937440257 1)
(-0.3429163121 -0.3926542351 1)
(5.229524864 -3.200660405 1)
(-1.355808497 -1.762265882 1)
(-1.19336284 -2.942315746 1)
(-1.817595092 1.089084611 1)
(8.700925753 -6.169603915 1)
(5.167705198 2.720107107 1)
(14.01809679 -5.976468531 1)
(4.017129009 -1.697340637 1)
(7.752586493 -3.473124618 1)
(7.288337457 -1.654361278 1)
(7.821361867 -1.266158502 1)
(-6.441631729 5.590218106 1)
(15.06055356 6.551897349 1)
(1.864285133 -1.279963143 1)
(-4.280432504 -3.238258205 1)
(5.463191437 0.2056998701 1)
(-6.4713841 7.366603808 1)
(5.171185808 5.407036499 1)
(4.67433558 -0.950623616 1)
(2.963273166 8.305675092 1)
(10.845862 4.634856307 1)
(2.642131772 2.046014064 1)
(2.050484071 1.989813773 1)
(-7.474549619 -9.198131978 1)
(3.563933462 2.807881227 1)
(-7.542571183 -4.262000001 1)
(5.597167329 -7.528746514 1)
(3.393692404 6.097906911 1)
(-4.081367181 8.425493072 1)
(18.32899989 1.972632587 1)
(-2.725709183 -0.2307695289 1)
(6.009778316 -5.587055384 1)
(-4.888779438 6.354896865 1)
(3.165085409 -2.029168582 1)
(-1.208774404 -6.48355786 1)
(-4.945397845 -6.650082567 1)
(0.5279677107 -6.658955684 1)
(-1.612615575 -0.3201502997 1)
(8.470215218 -3.82865183 1)
(-0.985576108 4.21036065 1)
(0.213551824 -1.7097185 1)
(0.4595637601 -1.798205717 1)
(9.577296095 -8.21889224 1)
(11.66020956 3.571426863 1)
(1.595728778 7.446126812 1)
(14.60202233 -4.511682826 1)
(-2.85027338 6.616089069 1)
(14.90550409 7.453500309 1)
(0.180340444 -0.195933727 1)
(8.504205112 4.572024871 1)
(2.478592023 -2.544972206 1)
(4.726676727 -3.511031926 1)
(4.326900072 3.632133121 1)
(-6.306652398 -5.936951156 1)
(-0.453450799 -1.896234076 1)
(11.02332606 -8.343816271 1)
(2.433210905 -0.4848899828 1)
(-2.769711298 -3.874151355 1)
(-8.15740292 1.842282993 1)
(2.123938103 -8.469100937 1)
(-0.9807423619 -0.2686469249 1)
(-2.969620846 -6.974535139 1)
(3.084624202 -6.173950561 1)
(-2.326008179 -5.243560553 1)
(1.411307174 -5.265380309 1)
(-0.7817775299 -0.8201946836 1)
(-0.7502100929 -0.1516128217 1)
(1.870670279 -3.001850338 1)
(3.274583741 5.317918082 1)
(-2.307904895 -4.113954117 1)
(11.00746126 -7.295349057 1)
(19.01875293 4.562647757 1)
(10.98076958 -1.33694938 1)
(-2.632201196 8.15449797 1)
(-3.739803487 -3.411993141 1)
(-2.092943278 0.6881119154 1)
(-3.816729438 2.864058873 1)
(8.118783385 -8.466951148 1)
(-4.352713945 1.516357732 1)
(5.185225456 8.379170338 1)
(12.67225291 1.667537886 1)
(16.38265213 -1.018138965 1)
(18.31582446 7.033105686 1)
(15.50571997 -4.811036521 1)
(1.249613934 -3.473104554 1)
(-2.212076805 -1.99751098 1)
(-8.158807488 2.671326902 1)
(-1.42343355 3.897658117 1)
(-6.614921886 -0.7390310343 1)
(-2.376899774 3.527192105 1)
(-1.631532023 -1.04723359 1)
(-1.131700029 -1.561536756 1)
(8.717876346 0.9191990798 1)
(17.39471838 -6.406991248 1)
(-5.664342128 6.822733427 1)
(-2.773398047 7.384409141 1)
(0.9882539737 -1.382806952 1)
(-0.1697899288 0.5003710028 1)
(-0.260794521 0.556928072 1)
(-1.512252492 -3.152849898 1)
(0.3608635459 7.547307872 1)
(6.609806939 -5.156597917 1)
(0.6406318933 -4.032437147 1)
(-7.455559289 3.126425502 1)
(13.76619438 -0.1552284697 1)
(0.657880261 0.8086184531 1)
(-0.08261510543 2.584285995 1)
(-0.08121524915 1.122938482 1)
(0.08809702323 -0.346696215 1)
(16.02250731 -3.36425128 1)
(5.842182408 0.5710872888 1)
(-1.432219 -9.236683818 1)
(0.5009660763 -2.080857014 1)
(-0.5150810322 -0.8287351359 1)
(0.9511951649 -1.146857572 1)
(0.5700937592 -1.414211876 1)
(13.43252355 1.350008055 1)
(0.3468153203 1.776234591 1)
(18.81935915 -4.3415321 1)
(3.807471402 -4.140844483 1)
(-0.6561777515 -1.746701081 1)
(18.15133604 -2.618193747 1)
(-6.641520202 1.238013637 1)
(1.686638283 2.334320749 1)
(4.168449334 6.466510036 1)
(-1.301892843 1.276617 1)
(-0.8826342515 0.5712621218 1)
(1.352830101 -0.8962127574 1)
(18.39824374 0.943516074 1)
(0.9329522603 3.976411996 1)
(8.064570055 7.551080882 1)
(-2.86291577 3.295062048 1)
(11.717019 -1.665737811 1)
(0.5124224514 4.358164758 1)
(-1.049348357 -0.6364622764 1)
(17.84104399 -3.984020082 1)
(4.675341813 -9.235208239 1)
(-0.02584417256 -0.8560132411 1)
(-0.8728253483 1.460017951 1)
(9.944030093 8.386617229 1)
(1.556643484 -0.2144670991 1)
(18.39164719 3.837784154 1)
(-2.08296237 1.035301445 1)
(1.923299947 -3.39589817 1)
(4.805194482 -1.497209459 1)
(12.58551724 -2.106884646 1)
(-0.2455189389 -1.027812129 1)
(1.601322934 8.14941393 1)
(3.053677576 -0.3755967974 1)
(-6.43660502 9.314295169 1)
(3.215127097 -2.444346112 1)
(-8.328009944 -7.494829552 1)
(0.2853109954 -4.296744399 1)
(14.73713287 8.310245652 1)
(13.57974468 -8.302810501 1)
(0.9492464645 1.36779648 1)
(5.035869761 3.365610052 1)
(-0.4505026017 1.724172372 1)
(-6.472871973 -2.89873106 1)
(1.393505952 -7.33429224 1)
(17.43939758 9.359466212 1)
(0.1755830708 0.3046719786 1)
(12.68861077 6.469604079 1)
(16.19641284 -8.415612318 1)
(-2.933218339 -7.761045973 1)
(0.5718051078 -0.2190894255 1)
(18.39666701 6.117263777 1)
(3.340407687 9.220400262 1)
(0.1115715494 0.5620169419 1)
(16.16499407 -0.07228086127 1)
(3.643530925 -6.373907146 1)
(0.1755442223 -0.002451619491 1)
(0.1606801637 -0.0969759146 1)
(12.08975409 -8.50408964 1)
(-5.634212777 -7.034048336 1)
(5.615219524 -8.287237168 1)
(-4.216982225 3.779886164 1)
(3.619278263 -7.439956631 1)
(-1.157024238 -7.200150332 1)
(0.1815150311 -0.6066573518 1)
(-5.301928256 -2.590351151 1)
(7.288085743 -5.461382409 1)
(-7.081234863 -0.3413598493 1)
(-0.4102038893 -0.332700961 1)
(0.479475181 -0.8018824647 1)
(-2.692343329 -0.5181232081 1)
(2.292317895 -1.409943097 1)
(-1.857035062 -2.939155258 1)
(18.47023772 0.0004376508179 1)
(0.2709225391 -2.214511926 1)
(-3.759723772 3.39662029 1)
(3.540645461 3.473703572 1)
(-2.058207565 7.596142939 1)
(9.836971575 -2.939939993 1)
(-1.063194656 -1.89448394 1)
(5.270985249 6.048910216 1)
(9.152595685 -3.385936498 1)
(16.93905445 -3.673776143 1)
(-3.206149413 -4.170498685 1)
(2.214909941 -3.140600237 1)
(16.70379864 -7.738907594 1)
(-1.222466306 0.2806831157 1)
(6.881209833 4.203071865 1)
(-5.451548042 8.347288043 1)
(-4.854834909 1.279129309 1)
(2.805027823 -2.777319706 1)
(12.07588951 8.458545099 1)
(3.709537262 1.157766551 1)
(17.37534282 -9.314145226 1)
(8.575332797 1.648818881 1)
(0.0750399934 -8.529625457 1)
(-0.5673441583 -0.3551068353 1)
(7.367693688 -6.20288226 1)
(-0.1344359757 -4.113141694 1)
(-0.6516331739 -0.8964732617 1)
(0.1753036919 0.395021719 1)
(-1.503157649 1.445785434 1)
(-2.510122364 -2.191684607 1)
(-6.214333613 -6.67048948 1)
(-7.710306827 -5.854715913 1)
(0.1035437075 0.6545855426 1)
(17.46801385 -7.25010631 1)
(1.356981174 -1.11853807 1)
(1.46099263 -5.895999268 1)
(11.45071167 4.249222785 1)
(-0.1635447898 0.5948764705 1)
(-0.4533589721 6.351040992 1)
(0.8935084495 1.766014771 1)
(-0.3949131584 0.9324453825 1)
(-1.330486633 -2.072865749 1)
(-0.3829565558 -1.122748157 1)
(-2.888752163 -8.586743884 1)
(0.2074509374 -2.707595805 1)
(6.492535308 1.220899437 1)
(-0.7330111371 0.2427730182 1)
(10.5445768 -3.981749659 1)
(1.019805903 -6.816552627 1)
(0.03135614809 -0.9876063791 1)
(-4.482364115 -1.170332603 1)
(-0.9265053608 0.1619679904 1)
(1.05168716 1.038203954 1)
(-2.736225893 -4.402292445 1)
(2.349907005 -0.1641860814 1)
(-0.4375329763 0.3461149263 1)
(19.23747956 5.682875246 1)
(6.554348837 5.966909199 1)
(8.385612805 2.268536944 1)
(1.788889223 -0.3628337911 1)
(0.1665734348 0.09433389772 1)
(-2.862913806 -2.003562584 1)
(9.219070606 5.09376481 1)
(5.820809253 6.390289264 1)
(-1.096487095 -7.944432217 1)
(-8.377338975 -5.531024988 1)
(-7.301860438 0.8489793664 1)
(18.85159647 -9.230762068 1)
(-0.5346791065 -0.9860613768 1)
(1.549939728 -8.14539959 1)
(-0.4728340877 -2.778910001 1)
(-8.267949192 9.267949192 1)
(-8.267949192 -9.267949192 1)
(5.953209109 8.548953255 1)
(19.26794919 9.267949192 1)
(-0.2066484232 0.700031364 1)
(2.69284311 2.585522087 1)
(-8.330158444 -4.598516075 1)
(7.239330792 -2.245259686 1)
(7.2258456 8.529748653 1)
(8.942652409 -8.614076684 1)
(1.577179684 -3.636497918 1)
(2.681015763 -1.130063538 1)
(-1.828985215 -0.9159451667 1)
(12.32908227 5.097233381 1)
(9.100571091 3.104085179 1)
(7.296232792 7.081278663 1)
(-4.153698669 -8.548755596 1)
(-2.180930103 -2.360091682 1)
(-2.961778071 -0.4178476179 1)
(3.52113116 -2.187867759 1)
(0.4706585176 2.29982677 1)
(8.068223449 3.776628291 1)
(-7.969965993 1.125073614 1)
(-1.025735293 0.6475178323 1)
(2.233864677 8.490271385 1)
(-3.172895057 -2.152757589 1)
(13.95816697 8.504240394 1)
(-3.639039876 -3.902978329 1)
(-0.5484358065 -4.371928973 1)
(-2.692875663 1.804733402 1)
(-0.6651213404 0.2859791912 1)
(-5.604347903 -7.717755711 1)
(2.980927036 -8.654722816 1)
(0.1835666585 -0.2924968135 1)
(5.478781898 3.715112974 1)
(2.48101087 -2.885495415 1)
(-1.021186925 -0.06026598208 1)
(0.209769546 -0.8517548032 1)
(0.3570340319 -0.7271495715 1)
(0.5839481246 -0.7012097541 1)
(3.792373773 -0.03752436586 1)
(-7.653374217 -0.1514583504 1)
(12.58634005 7.179681787 1)
(1.069398188 -4.120198398 1)
(-0.7311054866 1.882124957 1)
(0.7028631257 -0.2939923313 1)
(-0.1665520198 -2.583843682 1)
(11.20019298 -3.505431337 1)
(-1.147457568 1.546987447 1)
(1.175990717 -1.238635923 1)
(-4.713749793 3.518447776 1)
(-6.755853441 4.306119569 1)
(1.473330739 -1.302949177 1)
(-1.811860708 -0.2064762539 1)
(-3.518847036 -0.4207465917 1)
(-3.272787499 3.527795289 1)
(14.09712366 1.045033584 1)
(18.43557909 -3.352951298 1)
(-2.713777383 -4.969558647 1)
(-0.8071279391 2.522104525 1)
(10.19779292 -8.529987336 1)
(6.288655698 1.634155388 1)
(8.024402352 -2.791275 1)
(-0.7372268581 -0.2538735236 1)
(-2.338974578 1.280130748 1)
(-0.8586400629 1.687893549 1)
(-1.296087392 -2.363896042 1)
(-1.363384965 0.3744726897 1)
(-1.099969993 -0.2839484237 1)
(-1.643479582 7.119861154 1)
(1.062546264 7.725111742 1)
(3.381369727 -0.5546026258 1)
(-1.12289437 2.29691183 1)
(0.6085519167 0.4321545202 1)
(-2.138186843 -2.745097203 1)
(1.905236121 1.649807674 1)
(5.26857691 -1.658071172 1)
(-3.404871312 0.1820745551 1)
(0.7791347732 0.6589120495 1)
(0.5526254172 -0.5652453156 1)
(-0.9026067702 0.05127413659 1)
(-1.095245646 0.3465109 1)
(-0.5205660388 0.3598499885 1)
(-3.224450636 8.540938992 1)
(-0.9058806035 -2.946009491 1)
(-1.229131565 -0.2064182458 1)
(-1.020827844 -8.70839441 1)
(-0.3520930995 2.836845277 1)
(6.862694946 2.358572928 1)
(-1.737004723 1.330057816 1)
(5.031060664 -8.614053809 1)
(-2.811846198 -9.332488367 1)
(0.435964409 6.767021886 1)
(3.805178636 -1.412761857 1)
(1.49706117 -6.524444907 1)
(4.215365846 -4.285710243 1)
(11.78969759 -3.055881522 1)
(-3.883565692 -1.40589083 1)
(-4.897374322 8.631052767 1)
(6.225873896 -8.554276715 1)
(3.736954665 0.4356260589 1)
(7.392236527 -6.937977791 1)
(0.07402402779 1.151999618 1)
(-3.532852698 -2.025929643 1)
(2.743921363 -0.5367781212 1)
(10.72358108 8.513231682 1)
(0.3632252145 2.062238143 1)
(-1.044214998 -0.8150190358 1)
(1.272922411 -3.805912669 1)
(0.5797006603 -1.633096827 1)
(12.92533637 -8.646513939 1)
(17.71753426 3.631624985 1)
(16.28616917 8.505508881 1)
(-0.2812029534 -0.5246770257 1)
(0.2748326258 -0.3330750915 1)
(-0.3071450438 0.3976108911 1)
(3.082665824 -7.589789555 1)
(-5.307342488 1.564720647 1)
(-3.570173796 -1.609101951 1)
(-6.884673672 -4.100358082 1)
)


// ************************************************************************* //
